Latitude,Longitude,Altitude,Accuracy,Altitude Accuracy,Heading,Speed,Timestamp
52.2205896,6.8964543,null,30,null,null,null,1377705035358
52.2205947,6.89607705,81.0999984741211,5,null,253.8000030517578,1.25,1377705038244
52.22054763,6.89586836,79.4000015258789,8,null,243.89999389648438,1.5,1377705045422
52.22053882,6.8958503,79.19999694824219,7,null,242,1.25,1377705046425
52.22057291,6.89569552,82.69999694824219,6,null,294.79998779296875,1,1377705056849
52.22059736,6.89565344,82.80000305175781,6,null,309.20001220703125,1.1180340051651,1377705059383
52.22058126,6.8956218,84.5,5,null,284.1000061035156,0.75,1377705062075
52.22053984,6.89553321,84.69999694824219,4,null,251,0.5,1377705066385
52.22047161,6.89550194,85.30000305175781,4,null,251,0.75,1377705072548
52.22039114,6.89548032,85.80000305175781,5,null,192.3000030517578,0.75,1377705077642
52.22036245,6.89549858,86.5,5,null,192.3000030517578,0.75,1377705080466
52.2205796,6.8963237,null,66,null,null,null,1377705080591
52.2203559,6.89550083,86.5999984741211,7,null,192.3000030517578,0.75,1377705081367
52.22034491,6.89550777,86.19999694824219,6,null,169.39999389648438,1,1377705082726
52.22031396,6.89551578,84.5,5,null,160.8000030517578,0.5,1377705085368
52.22025585,6.89552963,82.30000305175781,7,null,154.39999389648438,0.75,1377705092339
52.22021229,6.89557653,81.80000305175781,7,null,135.1999969482422,1,1377705095696
52.22019091,6.89563664,81.5,7,null,120.69999694824219,1.25,1377705098481
52.22017413,6.89568875,81.4000015258789,7,null,117.80000305175781,1.5,1377705100368
52.22016048,6.89574106,81.19999694824219,7,null,113.5,1,1377705103403
52.22015774,6.89575105,81.4000015258789,6,null,113.5,0.9013878107070923,1377705104367
52.22012224,6.89578163,81.9000015258789,7,null,141.8000030517578,1.346291184425354,1377705108403
52.2200672,6.89581862,81.80000305175781,8,null,154,1.5811388492584229,1377705112367
52.22005899,6.8958214,82,7,null,154,0.9013878107070923,1377705113408
52.21999504,6.89580773,81.4000015258789,7,null,172.8000030517578,0.75,1377705120365
52.21993847,6.89582369,80.9000015258789,8,null,161.8000030517578,1.5,1377705123402
52.2206371,6.8953859,null,29,null,null,null,1377705125532
52.21989642,6.89582155,80.4000015258789,8,null,198.10000610351562,1.25,1377705126367
52.21985521,6.89578618,80.30000305175781,8,null,205.8000030517578,0.75,1377705132369
52.2197828,6.89583916,80.5,12,null,152.6999969482422,1.25,1377705139367
52.21972178,6.89591219,80.69999694824219,11,null,159.60000610351562,1.25,1377705143366
52.2197061,6.89592672,80.9000015258789,10,null,157.10000610351562,1.25,1377705144364
52.21962602,6.89591021,81.0999984741211,10,null,168,1,1377705150367
52.21960955,6.89587979,81.80000305175781,9,null,205,0.75,1377705153370
52.21952355,6.89591358,81.80000305175781,10,null,168.3000030517578,1.5,1377705159649
52.21944618,6.8959363,82.5,11,null,180.8000030517578,1.5,1377705163389
52.2206078,6.8953957,null,26,null,null,null,1377705171564
52.21940986,6.89595503,81.5999984741211,13,null,194.6999969482422,0.75,1377705172385
52.2193711,6.89602389,82.5,12,null,131.1999969482422,1,1377705179371
52.21935401,6.89607102,80.80000305175781,11,null,134,0.75,1377705182447
52.21931768,6.896104,78.5999984741211,10,null,128.3000030517578,1,1377705185379
52.21923262,6.89611532,78.4000015258789,10,null,177.60000610351562,1,1377705191389
52.21921519,6.89610601,78.5999984741211,9,null,187.10000610351562,1,1377705192395
52.21918963,6.89609232,81.0999984741211,8,null,187.3000030517578,0.75,1377705194395
52.21917008,6.89608669,81.19999694824219,7,null,168.3000030517578,1,1377705196396
52.21913711,6.89613109,77.5999984741211,7,null,174.89999389648438,0.25,1377705203405
52.21915247,6.89607276,76.4000015258789,6,null,255.6999969482422,0.5,1377705212408
52.2191309,6.89602981,76,7,null,214.3000030517578,0.75,1377705218412
52.21912565,6.89596409,75.80000305175781,6,null,254.39999389648438,1,1377705221476
52.21913185,6.8959158,75.5999984741211,5,null,267.8999938964844,1,1377705223413
52.21914419,6.89586802,77.5999984741211,6,null,272.6000061035156,0.5,1377705226406
52.21914458,6.89581043,77.5999984741211,6,null,272,0.75,1377705231412
52.21914567,6.8958037,77.69999694824219,5,null,272,0.5,1377705232406
52.21913306,6.89575181,80,5,null,253,0.75,1377705236406
52.21911636,6.89571895,78.9000015258789,5,null,232.60000610351562,1,1377705238406
52.21909863,6.89569067,78.9000015258789,5,null,230.6999969482422,1,1377705240412
52.21908592,6.89565439,78.69999694824219,5,null,249.1999969482422,1.25,1377705242358
52.21907598,6.89561696,78.5999984741211,5,null,256.6000061035156,1.25,1377705244800
52.21908141,6.89557444,78.5,5,null,278.79998779296875,1,1377705246394
52.21908059,6.89551072,76.80000305175781,6,null,257.70001220703125,0.75,1377705250374
52.2190596,6.89545826,78.19999694824219,7,null,250.5,0.75,1377705254396
52.21906981,6.89537188,81.4000015258789,9,null,314.6000061035156,1.346291184425354,1377705261364
52.21908577,6.89535853,80.80000305175781,8,null,320.20001220703125,0.7071067690849304,1377705263389
52.21906959,6.89528301,82.9000015258789,9,null,283.1000061035156,0.75,1377705272392
52.21899689,6.89524827,86.30000305175781,10,null,283.1000061035156,0.75,1377705277386
52.21897558,6.89524474,85.5,9,null,283.1000061035156,0.75,1377705278386
52.21895575,6.895237,84.5999984741211,8,null,226.5,0.75,1377705279390
52.21889824,6.89520546,84.5,8,null,212.8000030517578,0.75,1377705282393
52.2188425,6.89517974,84.0999984741211,8,null,216,1.25,1377705285386
52.21882216,6.89516474,83.80000305175781,7,null,228.60000610351562,1.25,1377705286387
52.21876213,6.89512972,82.5999984741211,7,null,224.5,1.75,1377705288386
52.21871765,6.89508179,80.69999694824219,7,null,236.1999969482422,1.5,1377705290386
52.21867731,6.89504135,80.9000015258789,8,null,249.10000610351562,0.9013878107070923,1377705292399
52.218659,6.89502246,81,7,null,249.10000610351562,0.9013878107070923,1377705293386
52.2186221,6.89498759,80.30000305175781,7,null,249.10000610351562,0.7071067690849304,1377705296367
52.21857899,6.89494313,80.30000305175781,7,null,227.6999969482422,1,1377705299384
52.21854632,6.8948961,79.80000305175781,7,null,228.89999389648438,1.5,1377705301374
52.21852036,6.89484927,79.30000305175781,7,null,231,1.25,1377705303385
52.21849788,6.894801,79.9000015258789,7,null,233.1999969482422,1.25,1377705305387
52.21848656,6.89477898,80.5,6,null,229.8000030517578,1.25,1377705306401
52.21846799,6.89473905,83.69999694824219,6,null,239.6999969482422,0.75,1377705308385
52.21845736,6.8946936,83.69999694824219,6,null,274.79998779296875,1.25,1377705310393
52.21844563,6.89462964,84.4000015258789,6,null,246.1999969482422,1.25,1377705313386
52.21843639,6.89457894,84.19999694824219,6,null,254.89999389648438,0.9013878107070923,1377705316456
52.21839414,6.89449451,88.4000015258789,14,null,249.5,0.75,1377705330390
52.21837026,6.89432899,87.80000305175781,21,null,283.5,1,1377705346393
52.21833182,6.89424875,85.4000015258789,20,null,254.39999389648438,1.5,1377705349386
52.21831806,6.89422214,85.30000305175781,19,null,256.79998779296875,1.5,1377705350385
52.21830719,6.89419057,85,17,null,261.29998779296875,1.5,1377705351393
52.21828191,6.89416834,83.69999694824219,14,null,251,1.25,1377705352394
52.2184702,6.894615,null,53,null,null,null,1377705352744
52.21824825,6.89414583,83,13,null,236.89999389648438,1.25,1377705353391
52.21821967,6.89412284,83.4000015258789,12,null,242,1.25,1377705354375
52.21819243,6.89410014,83.19999694824219,11,null,237.39999389648438,1.25,1377705355388
52.21816623,6.89407959,82.5,10,null,237.10000610351562,1.5,1377705356390
52.21811446,6.89403565,81.9000015258789,9,null,248.6999969482422,1,1377705359390
52.21810369,6.89401747,81.5999984741211,8,null,249.10000610351562,1.25,1377705360386
52.21809798,6.89393112,80.30000305175781,7,null,264.8999938964844,1.25,1377705364390
52.21806862,6.89386694,79.69999694824219,7,null,217.89999389648438,1.75,1377705367536
52.21803431,6.89381864,80,7,null,224.39999389648438,1.5,1377705370385
52.2180207,6.89377508,79.5999984741211,6,null,260.79998779296875,1,1377705373387
52.21803235,6.89371874,79.5,6,null,272.8999938964844,1.25,1377705376386
52.21805536,6.89366301,78.4000015258789,6,null,267.3999938964844,1.5,1377705378393
52.21807091,6.89361999,78.80000305175781,6,null,273.8999938964844,1.25,1377705380385
52.21807983,6.8935995,78.69999694824219,5,null,276.20001220703125,1,1377705381385
52.21810016,6.89356049,78.9000015258789,5,null,283.3999938964844,1.25,1377705383385
52.21811584,6.89353067,79.19999694824219,5,null,280.70001220703125,1.25,1377705385388
52.21813608,6.89349274,78.9000015258789,6,null,288.70001220703125,1.5,1377705387386
52.21816253,6.89344957,78.69999694824219,5,null,296.6000061035156,1.25,1377705390386
52.21819143,6.89342095,78.4000015258789,5,null,310.20001220703125,1,1377705393385
52.21821301,6.89339643,78.5999984741211,5,null,304.29998779296875,1,1377705395387
52.21821435,6.89334633,80.19999694824219,5,null,262.29998779296875,1,1377705399387
52.21820841,6.89329089,80.19999694824219,5,null,275.6000061035156,0.75,1377705402401
52.21820365,6.89324095,80.0999984741211,5,null,252,0.75,1377705405387
52.21819447,6.89318743,81.5,6,null,261.1000061035156,0.75,1377705408385
52.21818676,6.89313099,81.80000305175781,6,null,269.5,1,1377705411386
52.21818085,6.89306969,82.0999984741211,6,null,246,0.5,1377705415385
52.2181877,6.89300901,81.69999694824219,6,null,257.70001220703125,1.25,1377705420393
52.21818403,6.8929489,81.5999984741211,6,null,263,1,1377705423385
52.21818505,6.89293145,81.0999984741211,5,null,267.70001220703125,1,1377705424385
52.21819448,6.89287345,80.5,6,null,278.20001220703125,1.5,1377705427391
52.21820077,6.89281861,80.69999694824219,6,null,275.29998779296875,1.25,1377705430385
52.21821423,6.89276182,81.19999694824219,6,null,294.8999938964844,1.5,1377705433387
52.21822908,6.89271166,81.19999694824219,7,null,276.70001220703125,0.75,1377705437385
52.2182326,6.89267319,80.9000015258789,6,null,280.1000061035156,1,1377705440385
52.2178987,6.8936127,null,60,null,null,null,1377705440669
52.21823545,6.89265303,80.4000015258789,7,null,288.29998779296875,1.25,1377705441386
52.2182468,6.89258772,79.9000015258789,7,null,299.70001220703125,1.5,1377705444386
52.21824867,6.8925087,80.0999984741211,8,null,294.3999938964844,1.25,1377705448383
52.21828099,6.89244688,79.19999694824219,9,null,319,1.5,1377705453384
52.21832201,6.89239518,78.9000015258789,9,null,304.6000061035156,1.25,1377705456385
52.21833466,6.89235076,78.80000305175781,8,null,298.8999938964844,1.25,1377705458394
52.21833829,6.89232775,78.80000305175781,7,null,300.8999938964844,1.5,1377705459385
52.21835384,6.89227376,78.80000305175781,7,null,300.29998779296875,2,1377705461388
52.21836627,6.89221017,80.0999984741211,7,null,292.70001220703125,1.5,1377705464386
52.21832902,6.89218311,82.30000305175781,7,null,null,0,1377705468386
52.21832309,6.89217818,82.30000305175781,6,null,null,0,1377705469386
52.21828891,6.89215281,84.4000015258789,6,null,null,0,1377705472386
52.21826155,6.89212096,86.4000015258789,6,null,null,0,1377705476388
52.21824792,6.8920703,87.9000015258789,7,null,262.3999938964844,1.25,1377705481396
52.21824332,6.89200971,87.80000305175781,7,null,256.8999938964844,1.5811388492584229,1377705483394
52.21824993,6.891924,89,8,null,275.70001220703125,1.25,1377705486388
52.21826128,6.89182851,90.4000015258789,10,null,295.20001220703125,1,1377705489388
52.2182749,6.89177866,91.5999984741211,9,null,317.20001220703125,1.25,1377705491404
52.21830438,6.89170312,90.9000015258789,10,null,298.1000061035156,1.5,1377705494387
52.2182995,6.8916436,92.30000305175781,9,null,266.3999938964844,1.820027470588684,1377705496387
52.21828128,6.89155591,91.9000015258789,9,null,273,1.5,1377705499383
52.21831409,6.89147763,86.80000305175781,11,null,291.70001220703125,1.25,1377705504387
52.21836424,6.8914085,86.69999694824219,10,null,302.29998779296875,1.5,1377705509388
52.21839521,6.8913349,84.5,10,null,291.8999938964844,1,1377705513363
52.21840087,6.89131432,84.0999984741211,9,null,300.5,1.25,1377705514387
52.2184074,6.89130047,83.80000305175781,8,null,312.29998779296875,1.346291184425354,1377705515389
52.21841217,6.89122048,85,8,null,279.29998779296875,1.346291184425354,1377705520386
52.21841221,6.89119598,83.9000015258789,7,null,276.29998779296875,1.5811388492584229,1377705521384
52.21840957,6.89112862,83.80000305175781,7,null,285.6000061035156,1,1377705524389
52.21841822,6.89107171,83.69999694824219,6,null,290.8999938964844,1.25,1377705527386
52.21843691,6.89103023,84.19999694824219,6,null,298.70001220703125,1.5,1377705529388
52.21845359,6.89098402,84,6,null,286.8999938964844,1,1377705532387
52.21843724,6.89093362,83.30000305175781,6,null,251.39999389648438,1,1377705536386
52.21838336,6.89091389,81.69999694824219,6,null,215.60000610351562,1,1377705539386
52.21833359,6.89090823,78.69999694824219,6,null,225.39999389648438,1,1377705542387
52.21832319,6.89090267,78.30000305175781,5,null,225.39999389648438,0.75,1377705543386
52.21830886,6.8908684,77.80000305175781,5,null,225.39999389648438,0.75,1377705546387
52.21829998,6.89082645,77.9000015258789,5,null,254.10000610351562,1,1377705549386
52.21829867,6.89081219,78,4,null,260.3999938964844,0.75,1377705550426
52.21830569,6.89075732,78,4,null,277,1,1377705553386
52.21831168,6.89071689,77.5,4,null,283.79998779296875,1.25,1377705555399
52.21832084,6.8906647,77.0999984741211,5,null,281,1.25,1377705557652
52.21833991,6.89061996,77.5999984741211,6,null,301.3999938964844,1.25,1377705559638
52.21816003,6.89053614,76.30000305175781,17,null,249.3000030517578,2,1377705563395
52.21821474,6.8904366,76.30000305175781,14,null,18.200000762939453,2.9261748790740967,1377705568378
52.21825253,6.89046636,77.0999984741211,13,null,null,0,1377705569360
52.2184009,6.8901504,null,56,null,null,null,1377705585384
52.21830463,6.89052495,77.9000015258789,26,null,null,0,1377705588370
52.21830631,6.89052578,77.80000305175781,23,null,null,0,1377705589460
52.21830598,6.89053083,77.5,20,null,null,0,1377705590381
52.21826286,6.89051099,80.80000305175781,18,null,null,0,1377705608386
52.21826075,6.89050986,80.80000305175781,16,null,null,0,1377705609360
52.21825885,6.89050915,81,15,null,null,0,1377705610387
52.21825266,6.89050489,81.30000305175781,14,null,null,0,1377705613389
52.21825205,6.89050447,81.4000015258789,13,null,null,0,1377705614388
52.21825121,6.89050395,81.4000015258789,12,null,null,0,1377705616386
52.21825079,6.89050374,81.4000015258789,11,null,null,0,1377705618397
52.21825055,6.89050358,81.4000015258789,10,null,null,0,1377705619392
52.21824761,6.89050211,81.69999694824219,9,null,null,0,1377705625411
52.21824399,6.89052091,78.0999984741211,8,null,6.800000190734863,0.7071067690849304,1377705632364
52.21822533,6.89049691,79.80000305175781,7,null,null,0,1377705635454
52.21821892,6.89047876,83,6,null,null,0,1377705647437
52.21822898,6.89050948,81.0999984741211,5,null,55.400001525878906,1.6007810831069946,1377705650396
52.21823489,6.89054676,79.80000305175781,4,null,83.80000305175781,1.346291184425354,1377705651398
52.21824904,6.89059887,80.80000305175781,3,null,82.30000305175781,1.346291184425354,1377705652399
52.21825877,6.89063441,80.19999694824219,3,null,88.5999984741211,1.4142135381698608,1377705653432
52.21827428,6.89069926,82.5,4,null,62.20000076293945,1,1377705655385
52.21827707,6.89074696,81.0999984741211,4,null,96.5,1.1180340051651,1377705657386
52.21827539,6.89080673,81.0999984741211,5,null,98.4000015258789,2.3048861026763916,1377705659388
52.21826956,6.89085862,82.0999984741211,6,null,98,1.5,1377705661388
52.21826539,6.89089819,81.5,5,null,91.30000305175781,1.5,1377705662415
52.21826486,6.8909699,81.0999984741211,5,null,98.69999694824219,1.25,1377705665418
52.21826268,6.89105176,81.5,6,null,88.80000305175781,0.9013878107070923,1377705670368
52.21825826,6.89110762,79.9000015258789,6,null,125.19999694824219,2.0615527629852295,1377705674389
52.21823307,6.89117183,79.5999984741211,6,null,125.5999984741211,1.5,1377705677389
52.2182198,6.89120104,80.0999984741211,5,null,123.5999984741211,1.5,1377705678387
52.21819058,6.89126009,78.19999694824219,6,null,136.60000610351562,1.1180340051651,1377705681487
52.21818053,6.89129895,78.4000015258789,5,null,108.9000015258789,1.25,1377705684294
52.21817715,6.8913504,79.30000305175781,4,null,89,1.5811388492584229,1377705685822
52.21819564,6.89143818,79.5,4,null,77.5,1.25,1377705689143
52.2182071,6.89148111,79.5,5,null,74.5,1,1377705690929
52.21821494,6.89150255,79.69999694824219,4,null,79,0.75,1377705691980
52.21826389,6.8914869,80,7,null,null,0,1377705698753
52.21827672,6.89146594,79.5,6,null,null,0,1377705701427
