Latitude,Longitude,Altitude,Accuracy,Altitude Accuracy,Heading,Speed,Timestamp
52.2204221,6.88722188,101,8,null,172.60000610351562,2.25,1377336835551
52.22037549,6.88714778,101.30000305175781,8,null,245.6999969482422,1.75,1377336844879
52.22036273,6.88708147,100.19999694824219,8,null,244.89999389648438,2,1377336845948
52.22035759,6.88704861,99.30000305175781,6,null,235.60000610351562,1.75,1377336846954
52.22034311,6.88704579,99.5,5,null,240.8000030517578,1.346291184425354,1377336848878
52.22031362,6.88697208,97.69999694824219,8,null,226.6999969482422,1.1180340051651,1377336853815
52.22035077,6.88703433,99.9000015258789,6,null,233.39999389648438,0.7071067690849304,1377336861816
52.22035396,6.88705104,98.30000305175781,5,null,null,0,1377336863815
52.22033449,6.88702209,96.5,5,null,null,0,1377336867827
