Latitude,Longitude,Altitude,Accuracy,Altitude Accuracy,Heading,Speed,Timestamp
52.21698508,6.89911928,92.4000015258789,5,null,null,0,1377336656000
52.21698509,6.89911927,92.4000015258789,5,null,null,0,1377336659000
52.21698508,6.89911927,92.4000015258789,5,null,null,0,1377336660000
52.21698508,6.89911927,92.4000015258789,5,null,null,0,1377336661000
52.21698503,6.89911924,92.4000015258789,5,null,null,0,1377336662000
52.21698499,6.89911923,92.4000015258789,5,null,null,0,1377336663000
52.21698497,6.89911922,92.4000015258789,5,null,null,0,1377336664000
52.21698496,6.89911921,92.4000015258789,5,null,null,0,1377336665000
52.21698495,6.8991192,92.4000015258789,6,null,null,0,1377336666000
52.21698494,6.8991192,92.4000015258789,6,null,null,0,1377336667000
52.21698493,6.89911919,92.4000015258789,6,null,null,0,1377336668000
52.21698492,6.89911919,92.4000015258789,6,null,null,0,1377336669000
52.21698491,6.89911918,92.4000015258789,6,null,null,0,1377336670000
52.2169849,6.89911918,92.4000015258789,6,null,null,0,1377336671000
52.21698489,6.89911917,92.4000015258789,6,null,null,0,1377336672000
52.21698489,6.89911917,92.4000015258789,6,null,null,0,1377336673000
52.21698489,6.89911917,92.4000015258789,6,null,null,0,1377336674000
52.21698489,6.89911917,92.4000015258789,6,null,null,0,1377336675000
52.21698489,6.89911917,92.4000015258789,7,null,null,0,1377336676000
52.21698488,6.89911917,92.4000015258789,7,null,null,0,1377336677000
52.21698486,6.89911916,92.4000015258789,8,null,null,0,1377336678000
52.21698485,6.89911915,92.4000015258789,8,null,null,0,1377336679000
52.21698484,6.89911915,92.4000015258789,8,null,null,0,1377336680000
52.21698484,6.89911915,92.4000015258789,8,null,null,0,1377336681000
52.21698483,6.89911914,92.4000015258789,9,null,null,0,1377336682000
52.21698482,6.89911914,92.4000015258789,9,null,null,0,1377336683000
52.21698482,6.89911914,92.4000015258789,9,null,null,0,1377336684000
52.21698482,6.89911914,92.4000015258789,9,null,null,0,1377336685000
52.21698481,6.89911914,92.4000015258789,8,null,null,0,1377336686000
52.21698481,6.89911914,92.4000015258789,9,null,null,0,1377336687000
52.2169848,6.89911914,92.4000015258789,9,null,null,0,1377336688000
52.21698479,6.89911913,92.4000015258789,9,null,null,0,1377336689000
52.21698479,6.89911913,92.4000015258789,9,null,null,0,1377336690000
52.2169848,6.89911914,92.4000015258789,9,null,null,0,1377336691000
52.21698479,6.89911913,92.4000015258789,8,null,null,0,1377336692000
52.21698479,6.89911913,92.4000015258789,8,null,null,0,1377336693000
52.21698478,6.89911913,92.4000015258789,8,null,null,0,1377336694000
52.21698476,6.89911912,92.4000015258789,8,null,null,0,1377336695000
52.21698474,6.89911911,92.4000015258789,8,null,null,0,1377336696000
52.21698473,6.89911911,92.4000015258789,8,null,null,0,1377336697000
52.21698473,6.8991191,92.4000015258789,8,null,null,0,1377336698000
52.21698472,6.8991191,92.4000015258789,8,null,null,0,1377336699000
52.21698472,6.8991191,92.4000015258789,8,null,null,0,1377336700000
52.21698472,6.8991191,92.4000015258789,8,null,null,0,1377336701000
52.2169847,6.89911909,92.4000015258789,8,null,null,0,1377336702000
52.21698466,6.89911906,92.4000015258789,9,null,null,0,1377336703000
52.21698464,6.89911905,92.4000015258789,9,null,null,0,1377336704000
52.21698463,6.89911905,92.4000015258789,9,null,null,0,1377336705000
52.21698463,6.89911904,92.4000015258789,9,null,null,0,1377336706000
52.21698462,6.89911904,92.4000015258789,8,null,null,0,1377336707000
52.21698462,6.89911904,92.4000015258789,9,null,null,0,1377336708000
52.2169846,6.89911904,92.4000015258789,8,null,null,0,1377336709000
52.2169846,6.89911904,92.4000015258789,8,null,null,0,1377336710000
52.21698459,6.89911903,92.4000015258789,8,null,null,0,1377336711000
52.21698457,6.89911902,92.4000015258789,8,null,null,0,1377336712000
52.21698456,6.89911901,92.4000015258789,8,null,null,0,1377336713000
52.21698455,6.899119,92.4000015258789,8,null,null,0,1377336714000
52.21698455,6.899119,92.4000015258789,8,null,null,0,1377336715000
52.21698454,6.899119,92.4000015258789,8,null,null,0,1377336716000
52.21698454,6.899119,92.4000015258789,9,null,null,0,1377336717000
52.21698453,6.89911899,92.4000015258789,9,null,null,0,1377336718000
52.21698451,6.89911899,92.4000015258789,10,null,null,0,1377336719000
52.2169845,6.89911898,92.4000015258789,10,null,null,0,1377336720000
52.21698448,6.89911898,92.4000015258789,11,null,null,0,1377336721000
52.21698448,6.89911898,92.4000015258789,13,null,null,0,1377336722000
52.21698447,6.89911898,92.4000015258789,12,null,null,0,1377336723000
52.21698446,6.89911897,92.4000015258789,12,null,null,0,1377336724000
52.21698444,6.89911896,92.4000015258789,11,null,null,0,1377336725000
52.21698443,6.89911896,92.4000015258789,10,null,null,0,1377336726000
52.21698442,6.89911895,92.4000015258789,10,null,null,0,1377336727000
52.21698441,6.89911894,92.4000015258789,9,null,null,0,1377336728000
52.21698439,6.89911893,92.4000015258789,9,null,null,0,1377336729000
52.21698437,6.89911892,92.4000015258789,9,null,null,0,1377336730000
52.21698437,6.89911892,92.4000015258789,8,null,null,0,1377336731000
52.21698436,6.89911892,92.4000015258789,8,null,null,0,1377336732000
52.21698436,6.89911891,92.4000015258789,9,null,null,0,1377336733000
52.21698435,6.89911891,92.4000015258789,9,null,null,0,1377336734000
52.21698434,6.89911891,92.4000015258789,12,null,null,0,1377336735000
52.21698434,6.89911891,92.4000015258789,13,null,null,0,1377336736000
52.21698433,6.8991189,92.4000015258789,14,null,null,0,1377336737000
52.21698433,6.8991189,92.4000015258789,14,null,null,0,1377336738000
52.21698433,6.8991189,92.4000015258789,14,null,null,0,1377336739000
52.21698432,6.8991189,92.4000015258789,15,null,null,0,1377336740000
52.21698431,6.89911889,92.4000015258789,13,null,null,0,1377336741000
52.21698428,6.89911889,92.4000015258789,13,null,null,0,1377336742000
52.21698425,6.89911888,92.4000015258789,13,null,null,0,1377336743000
52.21698423,6.89911887,92.4000015258789,12,null,null,0,1377336744000
52.2169842,6.89911886,92.4000015258789,13,null,null,0,1377336745000
52.21698418,6.89911885,92.4000015258789,14,null,null,0,1377336746000
52.21698417,6.89911885,92.4000015258789,14,null,null,0,1377336747000
52.21698415,6.89911884,92.4000015258789,13,null,null,0,1377336748000
52.21698413,6.89911884,92.4000015258789,13,null,null,0,1377336749000
52.21698412,6.89911883,92.4000015258789,13,null,null,0,1377336750000
52.2169841,6.89911881,92.4000015258789,12,null,null,0,1377336751000
52.21698407,6.8991188,92.4000015258789,11,null,null,0,1377336752000
52.21698406,6.89911879,92.4000015258789,10,null,null,0,1377336753000
52.21698404,6.89911878,92.4000015258789,10,null,null,0,1377336754000
52.21698401,6.89911877,92.4000015258789,10,null,null,0,1377336755000
52.216984,6.89911876,92.4000015258789,10,null,null,0,1377336756000
52.21698398,6.89911875,92.4000015258789,11,null,null,0,1377336757000
52.21698397,6.89911875,92.4000015258789,11,null,null,0,1377336758000
52.21698396,6.89911874,92.4000015258789,10,null,null,0,1377336759000
52.21698395,6.89911874,92.4000015258789,10,null,null,0,1377336760000
52.21698394,6.89911873,92.4000015258789,9,null,null,0,1377336761000
52.21698394,6.89911873,92.4000015258789,8,null,null,0,1377336762000
52.2169819,6.899122,92.30000305175781,8,null,180.10000610351562,0.25,1377336763000
52.21698109,6.89913527,91.69999694824219,8,null,180.10000610351562,0.5,1377336764000
52.21697946,6.89914466,91.5999984741211,9,null,180.10000610351562,0.25,1377336765000
52.21697977,6.89915408,91.69999694824219,13,null,180.10000610351562,0.5,1377336766000
52.21697901,6.89916811,92,18,null,180.10000610351562,0.5,1377336767000
52.21697522,6.89918837,93,22,null,180.10000610351562,0.5,1377336768000
52.21696322,6.89921042,93,27,null,180.10000610351562,0.5,1377336769000
52.21695178,6.89923287,93,30,null,180.10000610351562,0.5,1377336770000
52.21694105,6.89925453,93,27,null,180.10000610351562,0.75,1377336771000
52.2169274,6.89927446,92.80000305175781,26,null,130.10000610351562,0.75,1377336772000
52.21691536,6.89929261,92.80000305175781,25,null,129.6999969482422,0.75,1377336773000
52.21690331,6.89930889,92.69999694824219,25,null,131.1999969482422,1,1377336774000
52.21689387,6.89932118,92.19999694824219,24,null,131.1999969482422,0.75,1377336775000
52.21688684,6.8993326,92.19999694824219,24,null,128.39999389648438,0.75,1377336776000
52.21687901,6.89933906,90.9000015258789,28,null,128.39999389648438,0.75,1377336777000
52.21687448,6.89934409,90.9000015258789,35,null,128.39999389648438,0.5,1377336778000
52.2168722,6.89934976,91.19999694824219,43,null,128.39999389648438,0.5,1377336779000
52.21679708,6.89944039,89.19999694824219,47,null,105.19999694824219,0.75,1377336787000
52.21678989,6.89946845,89.30000305175781,42,null,94.80000305175781,1,1377336788000
52.21678691,6.89950022,89.5999984741211,42,null,89.4000015258789,1,1377336789000
52.21662066,6.89946334,86.0999984741211,46,null,null,0,1377336849000
52.21661752,6.89946596,86.19999694824219,43,null,122.4000015258789,0.25,1377336850000
52.21661603,6.89947346,86.30000305175781,40,null,122.4000015258789,0.5,1377336851000
52.21660659,6.89946979,86.19999694824219,38,null,122.4000015258789,0.25,1377336852000
52.21659781,6.8994612,86.19999694824219,39,null,122.4000015258789,0.25,1377336853000
52.21658762,6.89945426,86.19999694824219,43,null,122.4000015258789,0.5,1377336854000
52.21657272,6.89942461,87.5999984741211,42,null,122.4000015258789,0.5,1377336855000
52.21655502,6.8994016,87.4000015258789,47,null,122.4000015258789,0.75,1377336856000
52.21655306,6.89939356,86.80000305175781,39,null,122.4000015258789,0.5,1377336859000
52.21656035,6.8994156,87.5,28,null,122.4000015258789,0.5,1377336860000
52.21656774,6.89942938,87.30000305175781,20,null,122.4000015258789,0.25,1377336861000
52.21657405,6.89943833,86.9000015258789,18,null,122.4000015258789,0.25,1377336862000
52.21657823,6.89944448,86.69999694824219,16,null,122.4000015258789,0.25,1377336863000
52.21658284,6.89943987,87.4000015258789,15,null,122.4000015258789,0.25,1377336864000
52.21658782,6.8994342,87.4000015258789,15,null,122.4000015258789,0.25,1377336865000
52.21659052,6.89942355,87.30000305175781,18,null,122.4000015258789,0.25,1377336866000
52.21659448,6.8994166,86.80000305175781,18,null,null,0,1377336867000
52.21659956,6.89941327,87,17,null,null,0,1377336868000
52.216601849999996,6.89940978,87,16,null,null,0,1377336869000
52.2166024,6.89940423,86.80000305175781,15,null,null,0,1377336870000
52.21660399,6.89939834,88,14,null,null,0,1377336871000
52.21660782,6.89938921,88.69999694824219,14,null,null,0,1377336872000
52.21661337,6.89937633,88.80000305175781,12,null,null,0,1377336873000
52.2166118,6.89937454,89.69999694824219,11,null,122.4000015258789,0.25,1377336874000
52.21661205,6.89937656,89.9000015258789,11,null,122.4000015258789,0.25,1377336875000
52.2166133,6.89936426,89.69999694824219,10,null,122.4000015258789,0.25,1377336876000
52.21661294,6.89935935,89.69999694824219,9,null,122.4000015258789,0.5,1377336877000
52.21661823,6.89935273,90.30000305175781,10,null,122.4000015258789,0.25,1377336878000
52.21662251,6.89934783,89.69999694824219,11,null,122.4000015258789,0.25,1377336879000
52.21662672,6.89934542,88,11,null,122.4000015258789,0.25,1377336880000
52.21662799,6.89935107,87.9000015258789,10,null,122.4000015258789,0.5,1377336881000
52.2166304,6.89935277,87.9000015258789,10,null,122.4000015258789,0.5,1377336882000
52.21667071,6.8993287,86.80000305175781,9,null,null,0,1377336883000
52.21669624,6.89931676,87.0999984741211,9,null,null,0,1377336884000
52.21671007,6.8993116,87.0999984741211,9,null,null,0,1377336885000
52.21672033,6.89931085,87.19999694824219,9,null,null,0,1377336886000
52.21672884,6.89931226,87.30000305175781,10,null,null,0,1377336887000
52.21673409,6.8993097,87.30000305175781,10,null,null,0,1377336888000
52.21673345,6.89931651,87.30000305175781,11,null,null,0,1377336889000
52.21673418,6.89931674,87.19999694824219,12,null,null,0,1377336890000
52.21673387,6.89932269,87.30000305175781,12,null,null,0,1377336891000
52.21673078,6.89933125,87.19999694824219,11,null,null,0,1377336892000
52.21672866,6.89933687,87.19999694824219,12,null,null,0,1377336893000
52.21672684,6.89934095,87.19999694824219,12,null,null,0,1377336894000
52.2167226,6.89934665,88.4000015258789,11,null,null,0,1377336895000
52.21672034,6.89934968,88.5,11,null,null,0,1377336896000
52.21671918,6.89935291,88.30000305175781,11,null,null,0,1377336897000
52.21671924,6.89935638,87.9000015258789,11,null,null,0,1377336898000
52.2167193,6.89935626,88.0999984741211,11,null,null,0,1377336899000
52.2167187,6.89935872,87.9000015258789,11,null,null,0,1377336900000
52.21671824,6.89935989,87.9000015258789,11,null,null,0,1377336901000
52.21671762,6.89936196,87.80000305175781,13,null,null,0,1377336902000
52.21671667,6.89936149,88.0999984741211,15,null,null,0,1377336903000
52.21671597,6.89936155,88,16,null,null,0,1377336904000
52.21671566,6.89936142,88.0999984741211,17,null,null,0,1377336905000
52.2167157,6.89936093,88.0999984741211,17,null,null,0,1377336906000
52.2167149,6.89936073,88.19999694824219,16,null,null,0,1377336907000
52.21671427,6.89936093,88.19999694824219,15,null,null,0,1377336908000
52.21671287,6.89936087,88.4000015258789,13,null,null,0,1377336909000
52.21671187,6.899361,88.30000305175781,13,null,null,0,1377336910000
52.2167114,6.89936084,88.30000305175781,13,null,null,0,1377336911000
52.21671077,6.89936144,88.4000015258789,12,null,null,0,1377336912000
52.21671009,6.89936197,88.4000015258789,11,null,null,0,1377336913000
52.21670971,6.89936204,88.4000015258789,11,null,null,0,1377336914000
52.21670943,6.89936265,88.4000015258789,11,null,null,0,1377336915000
52.21670949,6.89936283,88.4000015258789,11,null,null,0,1377336916000
52.2167099,6.89936243,88.4000015258789,12,null,null,0,1377336917000
52.21670966,6.89936249,88.4000015258789,12,null,null,0,1377336918000
52.21670983,6.89936229,88.4000015258789,11,null,null,0,1377336919000
52.21670994,6.89936201,88.4000015258789,12,null,null,0,1377336920000
52.21670979,6.89936208,88.4000015258789,11,null,null,0,1377336921000
52.21670972,6.8993624,88.4000015258789,10,null,null,0,1377336922000
52.21670961,6.89936264,88.4000015258789,10,null,null,0,1377336923000
52.21670963,6.8993627,88.4000015258789,10,null,null,0,1377336924000
52.21670959,6.8993627,88.4000015258789,10,null,null,0,1377336925000
52.21670954,6.89936264,88.4000015258789,10,null,null,0,1377336926000
52.21670967,6.89936214,88.4000015258789,11,null,null,0,1377336927000
52.21670971,6.89936176,88.4000015258789,12,null,null,0,1377336928000
52.21670978,6.89936102,88.4000015258789,12,null,null,0,1377336929000
52.21670986,6.89936064,88.4000015258789,13,null,null,0,1377336930000
52.21670927,6.89936151,88.4000015258789,12,null,null,0,1377336931000
52.21670871,6.89936182,88.4000015258789,12,null,null,0,1377336932000
52.21670828,6.89936146,88.4000015258789,14,null,null,0,1377336933000
52.2167079,6.89936133,88.4000015258789,14,null,null,0,1377336934000
52.21670799,6.89936096,88.4000015258789,13,null,null,0,1377336935000
52.21670789,6.89936075,88.4000015258789,13,null,null,0,1377336936000
52.21670791,6.89936052,88.4000015258789,14,null,null,0,1377336937000
52.21670794,6.89936042,88.4000015258789,15,null,null,0,1377336938000
52.21670799,6.8993604,88.4000015258789,15,null,null,0,1377336939000
52.216708,6.89936036,88.4000015258789,15,null,null,0,1377336940000
52.21670814,6.8993602,88.4000015258789,14,null,null,0,1377336941000
52.21670829,6.89936006,88.4000015258789,16,null,null,0,1377336942000
52.21670839,6.89935995,88.4000015258789,17,null,null,0,1377336943000
52.21670823,6.89936022,88.4000015258789,19,null,null,0,1377336944000
52.21670816,6.89936021,88.4000015258789,19,null,null,0,1377336945000
52.2167084,6.89935993,88.4000015258789,19,null,null,0,1377336946000
52.21670883,6.89935943,88.5,19,null,null,0,1377336947000
52.21670885,6.89935935,88.4000015258789,19,null,null,0,1377336948000
52.21670898,6.89935904,88.5,20,null,null,0,1377336949000
52.21670866,6.89935898,88.5,19,null,null,0,1377336950000
52.21670827,6.89935869,88.5,17,null,null,0,1377336951000
52.21670838,6.89935853,88.5,15,null,null,0,1377336952000
52.21670842,6.8993584,88.5,15,null,null,0,1377336953000
52.21670859,6.89935837,88.5,14,null,null,0,1377336954000
52.21670904,6.89935784,88.30000305175781,13,null,null,0,1377336955000
52.21670927,6.89935752,88.30000305175781,13,null,null,0,1377336956000
52.21670937,6.89935731,88.4000015258789,13,null,null,0,1377336957000
52.21670965,6.89935705,88.30000305175781,15,null,null,0,1377336958000
52.21671005,6.89935687,88.30000305175781,16,null,null,0,1377336959000
52.21671035,6.89935677,88.30000305175781,17,null,null,0,1377336960000
52.21671063,6.8993568,88.30000305175781,17,null,null,0,1377336961000
52.21671033,6.89935684,88.4000015258789,16,null,null,0,1377336962000
52.21671024,6.89935675,88.4000015258789,15,null,null,0,1377336963000
52.21671035,6.89935662,88.4000015258789,14,null,null,0,1377336964000
52.21671045,6.89935655,88.4000015258789,13,null,null,0,1377336965000
52.21671052,6.89935655,88.4000015258789,13,null,null,0,1377336966000
52.21671059,6.89935658,88.4000015258789,13,null,null,0,1377336967000
52.21671066,6.89935664,88.4000015258789,15,null,null,0,1377336968000
52.21671087,6.89935671,88.4000015258789,19,null,null,0,1377336969000
52.21671101,6.89935678,88.30000305175781,25,null,null,0,1377336970000
52.21671107,6.8993568,88.30000305175781,28,null,null,0,1377336971000
52.21671114,6.89935686,88.30000305175781,33,null,null,0,1377336972000
52.21671118,6.89935689,88.30000305175781,38,null,null,0,1377336973000
52.21671123,6.89935703,88.30000305175781,36,null,null,0,1377336974000
52.21671132,6.89935713,88.30000305175781,30,null,null,0,1377336975000
52.21671136,6.89935718,88.30000305175781,28,null,null,0,1377336976000
52.2167114,6.89935724,88.30000305175781,28,null,null,0,1377336977000
52.21671142,6.89935729,88.30000305175781,27,null,null,0,1377336978000
52.21671135,6.89935722,88.30000305175781,26,null,null,0,1377336979000
52.21671147,6.89935708,88.30000305175781,24,null,null,0,1377336980000
52.21671157,6.89935699,88.30000305175781,24,null,null,0,1377336981000
52.21671159,6.89935661,88.4000015258789,21,null,null,0,1377336982000
52.2167116,6.89935639,88.4000015258789,21,null,null,0,1377336983000
52.21671161,6.89935624,88.4000015258789,20,null,null,0,1377336984000
52.2167117,6.89935621,88.4000015258789,21,null,null,0,1377336985000
52.21671177,6.89935618,88.4000015258789,23,null,null,0,1377336986000
52.21671177,6.8993562,88.4000015258789,22,null,null,0,1377336987000
52.2167116,6.89935628,88.4000015258789,22,null,null,0,1377336988000
52.21671146,6.89935638,88.4000015258789,21,null,null,0,1377336989000
52.21671148,6.89935625,88.4000015258789,20,null,null,0,1377336990000
52.2167115,6.89935616,88.4000015258789,20,null,null,0,1377336991000
52.21671145,6.89935626,88.30000305175781,19,null,null,0,1377336992000
52.21671143,6.8993563,88.30000305175781,17,null,null,0,1377336993000
52.21671131,6.89935633,88.30000305175781,15,null,null,0,1377336994000
52.21671146,6.89935615,88.4000015258789,15,null,null,0,1377336995000
52.21671157,6.89935605,88.4000015258789,19,null,null,0,1377336996000
52.21671159,6.89935597,88.4000015258789,22,null,null,0,1377336997000
52.21671162,6.8993559,88.4000015258789,25,null,null,0,1377336998000
52.21671161,6.89935585,88.4000015258789,25,null,null,0,1377336999000
52.21671144,6.89935587,88.4000015258789,22,null,null,0,1377337000000
52.21671137,6.89935582,88.4000015258789,20,null,null,0,1377337001000
52.21671131,6.89935583,88.4000015258789,18,null,null,0,1377337002000
52.21671138,6.89935575,88.4000015258789,16,null,null,0,1377337003000
52.21671134,6.89935586,88.4000015258789,14,null,null,0,1377337004000
52.21671154,6.89935573,88.4000015258789,13,null,null,0,1377337005000
52.21671172,6.89935562,88.4000015258789,13,null,null,0,1377337006000
52.21671165,6.89935571,88.4000015258789,12,null,null,0,1377337007000
52.21671124,6.89935586,88.4000015258789,14,null,null,0,1377337008000
52.21671108,6.89935579,88.4000015258789,15,null,null,0,1377337009000
52.21671133,6.89935559,88.4000015258789,15,null,null,0,1377337010000
52.21671146,6.89935546,88.4000015258789,16,null,null,0,1377337011000
52.21671147,6.89935539,88.4000015258789,17,null,null,0,1377337012000
52.21671155,6.8993553,88.4000015258789,17,null,null,0,1377337013000
52.21671159,6.8993553,88.4000015258789,17,null,null,0,1377337014000
52.21671164,6.89935526,88.4000015258789,19,null,null,0,1377337015000
52.21671163,6.89935519,88.4000015258789,19,null,null,0,1377337016000
52.21671162,6.89935516,88.4000015258789,22,null,null,0,1377337017000
52.21671157,6.89935511,88.4000015258789,23,null,null,0,1377337018000
52.21671154,6.89935509,88.4000015258789,24,null,null,0,1377337019000
52.21671157,6.899355,88.4000015258789,28,null,null,0,1377337020000
52.21671157,6.89935497,88.4000015258789,32,null,null,0,1377337021000
52.2167116,6.89935497,88.4000015258789,33,null,null,0,1377337022000
52.21671161,6.89935503,88.4000015258789,38,null,null,0,1377337023000
52.21671167,6.89935507,88.4000015258789,42,null,null,0,1377337024000
52.21671155,6.89935516,88.4000015258789,41,null,null,0,1377337025000
52.21671149,6.89935532,88.4000015258789,36,null,null,0,1377337026000
52.21671157,6.89935537,88.4000015258789,34,null,null,0,1377337027000
52.21671163,6.89935543,88.4000015258789,32,null,null,0,1377337028000
52.21671165,6.89935553,88.4000015258789,34,null,null,0,1377337029000
52.21671174,6.89935554,88.4000015258789,31,null,null,0,1377337030000
52.21671177,6.89935562,88.4000015258789,29,null,null,0,1377337031000
52.21671179,6.89935557,88.4000015258789,31,null,null,0,1377337032000
52.21671184,6.89935553,88.4000015258789,32,null,null,0,1377337033000
52.2167119,6.89935553,88.4000015258789,28,null,null,0,1377337034000
52.21671198,6.8993555,88.4000015258789,26,null,null,0,1377337035000
52.21671205,6.89935545,88.4000015258789,23,null,null,0,1377337036000
52.2167121,6.89935537,88.4000015258789,20,null,null,0,1377337037000
52.21671218,6.89935528,88.4000015258789,18,null,null,0,1377337038000
52.21671209,6.89935524,88.4000015258789,17,null,null,0,1377337039000
52.21671204,6.89935522,88.4000015258789,15,null,null,0,1377337040000
52.21671191,6.89935522,88.4000015258789,14,null,null,0,1377337041000
52.21671186,6.89935522,88.4000015258789,13,null,null,0,1377337042000
52.21671187,6.89935517,88.4000015258789,13,null,null,0,1377337043000
52.21671195,6.89935513,88.4000015258789,18,null,null,0,1377337044000
52.21671198,6.89935513,88.4000015258789,21,null,null,0,1377337045000
52.21671201,6.89935518,88.4000015258789,23,null,null,0,1377337046000
52.21671204,6.89935522,88.4000015258789,28,null,null,0,1377337047000
52.21671202,6.89935525,88.4000015258789,30,null,null,0,1377337048000
52.21671202,6.89935525,88.4000015258789,26,null,null,0,1377337049000
52.21671209,6.89935522,88.4000015258789,23,null,null,0,1377337050000
52.21671217,6.89935523,88.4000015258789,21,null,null,0,1377337051000
52.21671229,6.89935522,88.4000015258789,19,null,null,0,1377337052000
52.21671242,6.89935531,88.4000015258789,17,null,null,0,1377337053000
52.21671255,6.89935532,88.4000015258789,16,null,null,0,1377337054000
52.21671265,6.89935534,88.4000015258789,15,null,null,0,1377337055000
52.21671283,6.89935538,88.4000015258789,14,null,null,0,1377337056000
52.21671293,6.8993554,88.4000015258789,13,null,null,0,1377337057000
52.21671303,6.89935538,88.4000015258789,13,null,null,0,1377337058000
52.21671311,6.89935534,88.4000015258789,13,null,null,0,1377337059000
52.21671315,6.89935533,88.4000015258789,13,null,null,0,1377337060000
52.21671335,6.8993553,88.4000015258789,13,null,null,0,1377337061000
52.21671356,6.89935526,88.4000015258789,14,null,null,0,1377337062000
52.21671372,6.8993552,88.4000015258789,15,null,null,0,1377337063000
52.21671381,6.89935518,88.4000015258789,14,null,null,0,1377337064000
52.21671389,6.8993551,88.4000015258789,14,null,null,0,1377337065000
52.216714,6.89935505,88.4000015258789,13,null,null,0,1377337066000
52.21671421,6.89935499,88.4000015258789,12,null,null,0,1377337067000
52.2167143,6.89935496,88.4000015258789,12,null,null,0,1377337068000
52.21671432,6.89935499,88.4000015258789,11,null,null,0,1377337069000
52.21671433,6.89935506,88.4000015258789,11,null,null,0,1377337070000
52.21671451,6.89935508,88.4000015258789,11,null,null,0,1377337071000
52.21671468,6.89935508,88.4000015258789,13,null,null,0,1377337072000
52.21671474,6.89935508,88.4000015258789,14,null,null,0,1377337073000
52.21671482,6.89935509,88.4000015258789,13,null,null,0,1377337074000
52.21671488,6.89935508,88.4000015258789,11,null,null,0,1377337075000
52.21671489,6.89935506,88.4000015258789,10,null,null,0,1377337076000
52.21671492,6.89935505,88.4000015258789,9,null,null,0,1377337077000
52.21671492,6.89935502,88.4000015258789,8,null,null,0,1377337078000
52.21671492,6.89935496,88.4000015258789,8,null,null,0,1377337079000
52.21671494,6.89935492,88.4000015258789,8,null,null,0,1377337080000
52.21671502,6.8993549,88.4000015258789,9,null,null,0,1377337081000
52.21671501,6.8993549,88.4000015258789,9,null,null,0,1377337082000
52.21671502,6.89935484,88.4000015258789,9,null,null,0,1377337083000
52.21671494,6.8993548,88.4000015258789,10,null,null,0,1377337084000
52.21671489,6.89935482,88.4000015258789,9,null,null,0,1377337085000
52.21671486,6.89935484,88.4000015258789,9,null,null,0,1377337086000
52.2167148,6.89935489,88.4000015258789,8,null,null,0,1377337087000
52.21671481,6.89935484,88.4000015258789,8,null,null,0,1377337088000
52.2167148,6.89935481,88.4000015258789,8,null,null,0,1377337089000
52.21671474,6.89935479,88.4000015258789,8,null,null,0,1377337090000
52.21671477,6.89935476,88.4000015258789,8,null,null,0,1377337091000
52.2167148,6.89935472,88.4000015258789,8,null,null,0,1377337092000
52.2167147,6.89935481,88.4000015258789,8,null,null,0,1377337093000
52.21671466,6.89935485,88.4000015258789,9,null,null,0,1377337094000
52.21671459,6.89935492,88.4000015258789,9,null,null,0,1377337095000
52.21671455,6.89935496,88.4000015258789,9,null,null,0,1377337096000
52.21671449,6.89935499,88.4000015258789,8,null,null,0,1377337097000
52.21671443,6.89935504,88.4000015258789,8,null,null,0,1377337098000
52.21671429,6.89935517,88.4000015258789,7,null,null,0,1377337099000
52.21671425,6.8993552,88.4000015258789,7,null,null,0,1377337100000
52.21671419,6.89935522,88.4000015258789,7,null,null,0,1377337101000
52.21671414,6.89935509,88.4000015258789,6,null,null,0,1377337102000
52.21671411,6.89935502,88.4000015258789,7,null,null,0,1377337103000
52.21671405,6.89935493,88.4000015258789,7,null,null,0,1377337104000
52.21671396,6.89935496,88.4000015258789,7,null,null,0,1377337105000
52.21671404,6.89935482,88.30000305175781,8,null,null,0,1377337106000
52.21671405,6.89935478,88.30000305175781,8,null,null,0,1377337107000
52.21671408,6.8993548,88.30000305175781,8,null,null,0,1377337108000
52.21671415,6.89935477,88.30000305175781,9,null,null,0,1377337109000
52.21671436,6.89935464,88.30000305175781,9,null,null,0,1377337110000
52.21671446,6.89935453,88.30000305175781,8,null,null,0,1377337111000
52.21671449,6.89935448,88.30000305175781,8,null,null,0,1377337112000
52.2167145,6.89935445,88.30000305175781,8,null,null,0,1377337113000
52.21671436,6.89935457,88.30000305175781,8,null,null,0,1377337114000
52.2167143,6.89935457,88.30000305175781,9,null,null,0,1377337115000
52.21671415,6.89935461,88.30000305175781,10,null,null,0,1377337116000
52.21671401,6.89935469,88.30000305175781,10,null,null,0,1377337117000
52.21671411,6.8993545,88.30000305175781,9,null,null,0,1377337118000
52.21671421,6.89935425,88.30000305175781,9,null,null,0,1377337119000
52.21671427,6.8993541,88.30000305175781,9,null,null,0,1377337120000
52.21671423,6.89935405,88.30000305175781,9,null,null,0,1377337121000
52.21671444,6.89935367,88.30000305175781,9,null,null,0,1377337122000
52.21671453,6.89935349,88.30000305175781,9,null,null,0,1377337123000
52.21671463,6.89935331,88.30000305175781,10,null,null,0,1377337124000
52.21671468,6.89935322,88.30000305175781,10,null,null,0,1377337125000
52.21671469,6.89935316,88.30000305175781,11,null,null,0,1377337126000
52.2167147,6.89935315,88.30000305175781,11,null,null,0,1377337127000
52.21671472,6.89935312,88.30000305175781,12,null,null,0,1377337128000
52.21671481,6.89935311,88.30000305175781,13,null,null,0,1377337129000
52.21671487,6.89935309,88.30000305175781,13,null,null,0,1377337130000
52.21671481,6.89935305,88.30000305175781,13,null,null,0,1377337131000
52.21671475,6.89935303,88.30000305175781,14,null,null,0,1377337132000
52.21671485,6.89935289,88.30000305175781,13,null,null,0,1377337133000
52.21671509,6.89935258,88.30000305175781,11,null,null,0,1377337134000
52.21671523,6.89935237,88.30000305175781,10,null,null,0,1377337135000
52.21671517,6.89935241,88.30000305175781,9,null,null,0,1377337136000
52.2167152,6.89935237,88.19999694824219,9,null,null,0,1377337137000
52.21671521,6.89935246,88.19999694824219,9,null,null,0,1377337138000
52.21671532,6.89935249,88.19999694824219,8,null,null,0,1377337139000
52.21671526,6.8993526,88.19999694824219,7,null,null,0,1377337140000
52.21671516,6.89935266,88.19999694824219,8,null,null,0,1377337141000
52.21671511,6.89935272,88.19999694824219,9,null,null,0,1377337142000
52.21671509,6.89935271,88.19999694824219,10,null,null,0,1377337143000
52.21671501,6.89935271,88.19999694824219,10,null,null,0,1377337144000
52.21671497,6.89935269,88.19999694824219,10,null,null,0,1377337145000
52.21671492,6.89935264,88.19999694824219,10,null,null,0,1377337146000
52.21671478,6.89935279,88.19999694824219,11,null,null,0,1377337147000
52.21671489,6.89935265,88.19999694824219,11,null,null,0,1377337148000
52.21671487,6.89935263,88.19999694824219,11,null,null,0,1377337149000
52.2167149,6.89935261,88.19999694824219,13,null,null,0,1377337150000
52.21671491,6.89935262,88.19999694824219,15,null,null,0,1377337151000
52.21671492,6.89935262,88.19999694824219,18,null,null,0,1377337152000
52.21671493,6.89935264,88.19999694824219,20,null,null,0,1377337153000
52.21671495,6.89935264,88.19999694824219,18,null,null,0,1377337154000
52.21671496,6.89935265,88.19999694824219,17,null,null,0,1377337155000
52.21671494,6.89935269,88.19999694824219,16,null,null,0,1377337156000
52.21671497,6.89935271,88.19999694824219,17,null,null,0,1377337157000
52.21671504,6.8993526,88.19999694824219,16,null,null,0,1377337158000
52.21671511,6.89935248,88.19999694824219,16,null,null,0,1377337159000
52.21671514,6.89935245,88.19999694824219,17,null,null,0,1377337160000
52.21671521,6.89935234,88.19999694824219,16,null,null,0,1377337161000
52.21671535,6.89935211,88.19999694824219,16,null,null,0,1377337162000
52.2167155,6.89935199,88.19999694824219,15,null,null,0,1377337163000
52.2167156,6.89935195,88.19999694824219,13,null,null,0,1377337164000
52.2167157,6.89935191,88.19999694824219,12,null,null,0,1377337165000
52.21671578,6.8993518,88.19999694824219,10,null,null,0,1377337166000
52.21671577,6.89935178,88.19999694824219,10,null,null,0,1377337167000
52.2167158,6.89935166,88.19999694824219,9,null,null,0,1377337168000
52.21671593,6.8993514,88.19999694824219,8,null,null,0,1377337169000
52.21671599,6.8993513,88.19999694824219,7,null,null,0,1377337170000
52.216716,6.89935127,88.19999694824219,7,null,null,0,1377337171000
52.216716,6.89935126,88.19999694824219,6,null,null,0,1377337172000
52.21671603,6.89935127,88.19999694824219,6,null,null,0,1377337173000
52.21671607,6.89935126,88.19999694824219,6,null,null,0,1377337174000
52.21671609,6.89935125,88.19999694824219,7,null,null,0,1377337175000
52.2167161,6.89935125,88.19999694824219,7,null,null,0,1377337176000
52.21671611,6.89935125,88.19999694824219,8,null,null,0,1377337177000
52.21671611,6.89935125,88.19999694824219,9,null,null,0,1377337178000
52.21671611,6.89935125,88.19999694824219,11,null,null,0,1377337179000
52.21671611,6.89935125,88.19999694824219,15,null,null,0,1377337180000
52.21671611,6.89935125,88.19999694824219,35,null,null,0,1377337183000
52.21671629,6.89935078,88.19999694824219,41,null,null,0,1377337199000
52.21671628,6.89935079,88.19999694824219,34,null,null,0,1377337200000
52.21671636,6.89935073,88.19999694824219,30,null,null,0,1377337201000
52.21671646,6.89935058,88.19999694824219,26,null,null,0,1377337202000
52.21671653,6.89935046,88.19999694824219,24,null,null,0,1377337203000
52.2167165,6.89935043,88.19999694824219,21,null,null,0,1377337204000
52.2167165,6.89935039,88.19999694824219,18,null,null,0,1377337205000
52.21671659,6.89935027,88.19999694824219,16,null,null,0,1377337206000
52.21671662,6.8993502,88.19999694824219,15,null,null,0,1377337207000
52.21671665,6.8993502,88.19999694824219,14,null,null,0,1377337208000
52.21671662,6.89935022,88.19999694824219,14,null,null,0,1377337209000
52.21671661,6.89935017,88.19999694824219,13,null,null,0,1377337210000
52.21671665,6.89935014,88.19999694824219,13,null,null,0,1377337211000
52.21671671,6.89935014,88.19999694824219,15,null,null,0,1377337212000
52.21671677,6.89935011,88.19999694824219,15,null,null,0,1377337213000
52.21671684,6.89935011,88.19999694824219,16,null,null,0,1377337214000
52.21671694,6.89935001,88.19999694824219,17,null,null,0,1377337215000
52.216717009999996,6.89934997,88.19999694824219,17,null,null,0,1377337216000
52.21671708,6.89934985,88.19999694824219,14,null,null,0,1377337217000
52.21671709,6.8993498,88.19999694824219,12,null,null,0,1377337218000
52.21671709,6.89934978,88.19999694824219,11,null,null,0,1377337219000
52.21671716,6.89934969,88.19999694824219,10,null,null,0,1377337220000
52.21671725,6.89934962,88.19999694824219,9,null,null,0,1377337221000
52.21671723,6.89934961,88.19999694824219,8,null,null,0,1377337222000
52.21671719,6.89934961,88.19999694824219,9,null,null,0,1377337223000
52.21671711,6.8993497,88.19999694824219,8,null,null,0,1377337224000
52.21671702,6.89934994,88.0999984741211,8,null,null,0,1377337225000
52.21671696,6.89935011,88.0999984741211,7,null,null,0,1377337226000
52.21671721,6.89934964,88.0999984741211,6,null,null,0,1377337234000
52.2167199,6.89934539,87.5999984741211,4,null,null,0,1377337235000
52.21673313,6.89932108,86.4000015258789,4,null,100.5,0.25,1377337238000
52.21675169,6.8992886,85,4,null,null,0,1377337240000
52.21676231,6.89924995,86,4,null,283.5,1,1377337242000
52.21677127,6.89920556,89.5999984741211,5,null,283.5,0.5,1377337244000
52.2167814,6.89916034,91.5,5,null,null,0,1377337245000
52.21680411,6.89911617,92.5,5,null,null,0,1377337248000
52.21685926,6.89911378,92.80000305175781,5,null,null,0,1377337251000
52.21689831,6.89910512,94.30000305175781,5,null,null,0,1377337254000
52.21691198,6.89910182,94.5999984741211,4,null,null,0,1377337258000
52.21694056,6.8991102,97.19999694824219,4,null,null,0,1377337269000
52.21697066,6.89911613,99.5,4,null,null,0,1377337278000
52.21698307,6.89911726,100.19999694824219,3,null,null,0,1377337285000
52.21701351,6.8991259,101.5999984741211,3,null,null,0,1377337288000
52.21703406,6.89914225,102.69999694824219,3,null,null,0,1377337292000
52.21705528,6.89911292,101.69999694824219,4,null,null,0,1377337477000
52.21709066,6.89910992,101.4000015258789,3,null,23.5,0.75,1377337492000
52.21709984,6.89914006,98.5,4,null,null,0,1377337499000
52.2170487,6.89923078,99.0999984741211,12,null,125.69999694824219,0.5,1377337527000
52.21701927,6.89933304,99.30000305175781,13,null,125.69999694824219,0.25,1377337530000
52.2169996,6.89941113,101.5999984741211,12,null,125.69999694824219,0.5,1377337532000
52.2169731,6.89951972,101.19999694824219,11,null,125.69999694824219,0.5,1377337535000
52.21695332,6.8996188,99.19999694824219,10,null,125.69999694824219,0.75,1377337538000
52.21695136,6.89964745,99.0999984741211,9,null,125.69999694824219,0.75,1377337539000
52.21694127,6.89972409,98.5,9,null,140.60000610351562,1,1377337542000
52.2169046,6.89980478,95.0999984741211,10,null,162.3000030517578,1.5,1377337546000
52.21692252,6.89988231,99.9000015258789,9,null,null,0,1377337550000
52.21692494,6.89992426,100.4000015258789,8,null,132.60000610351562,1.25,1377337553000
52.21692371,6.89994124,100.5,7,null,114.19999694824219,1,1377337554000
52.21692318,6.89995504,100.5,6,null,114.19999694824219,0.75,1377337555000
52.21692253,6.89999158,100.5,5,null,88.0999984741211,0.75,1377337557000
52.21692861,6.90004192,99.69999694824219,5,null,75.5999984741211,0.75,1377337560000
52.21692968,6.90005968,99.9000015258789,4,null,null,0,1377337562000
52.2169491,6.90007627,100.80000305175781,4,null,11.699999809265137,0.5,1377337567000
52.21695651,6.90008037,99.30000305175781,3,null,17,0.75,1377337568000
52.21698829,6.90008946,105,4,null,8.100000381469727,1.25,1377337571000
52.2170119,6.90009799,106.4000015258789,3,null,12.5,1,1377337574000
52.21702156,6.90012212,109.0999984741211,3,null,24.700000762939453,0.75,1377337578000
52.21704338,6.90014075,108.4000015258789,3,null,26.100000381469727,1,1377337581000
52.21705682,6.90017203,108.9000015258789,3,null,47.79999923706055,1,1377337583000
52.21706004,6.90020878,107.0999984741211,4,null,75.9000015258789,1,1377337585000
52.21705947,6.90022843,107.30000305175781,3,null,88.0999984741211,1,1377337586000
52.21705668,6.90026906,106.69999694824219,3,null,92.0999984741211,1,1377337588000
52.21705889,6.90030407,106.30000305175781,3,null,88,1,1377337590000
52.21706508,6.90033394,105.30000305175781,3,null,81.5999984741211,1,1377337592000
52.21707103,6.90035868,106.5,3,null,79.5,0.75,1377337594000
52.21709507,6.90037817,106.80000305175781,4,null,79.5,0.5,1377337599000
52.21710331,6.90038438,107.30000305175781,3,null,79.5,0.5,1377337600000
52.21712298,6.90040647,108.80000305175781,3,null,48.900001525878906,1,1377337602000
52.21714556,6.90043169,108.5,4,null,41.5,1,1377337604000
52.21715548,6.90043838,109,3,null,38.099998474121094,1,1377337605000
52.21718066,6.90042778,108.5999984741211,3,null,38.099998474121094,0.75,1377337609000
52.2172117,6.90042718,108.30000305175781,3,null,10.300000190734863,1,1377337612000
52.21723447,6.90043742,107.9000015258789,3,null,25.899999618530273,1,1377337614000
52.21725938,6.9004525,108.19999694824219,4,null,28.100000381469727,1,1377337616000
52.21729027,6.90044074,107.9000015258789,3,null,null,0,1377337621000
52.21728202,6.90041035,109.80000305175781,4,null,null,0,1377337629000
52.21727755,6.90040421,109.69999694824219,3,null,null,0,1377337638000
52.21729837,6.90038917,111.5,3,null,335.5,0.75,1377337666000
52.21732019,6.90039463,111.30000305175781,3,null,13.899999618530273,1,1377337668000
52.21735964,6.90039629,109.5999984741211,4,null,356.5,1.25,1377337671000
52.21739497,6.90039751,109.30000305175781,4,null,6.800000190734863,1.25,1377337674000
52.21741388,6.90039717,109.0999984741211,3,null,9.100000381469727,1,1377337676000
52.21744083,6.90037495,108.5,4,null,356.70001220703125,1,1377337679000
52.21746791,6.90035311,106.5,4,null,358.5,1,1377337682000
52.21749701,6.90033144,106.69999694824219,4,null,354.1000061035156,1,1377337685000
52.21754422,6.9003314,109.19999694824219,3,null,9.800000190734863,1.25,1377337689000
52.21758968,6.90033028,108.69999694824219,3,null,5.599999904632568,1.5,1377337692000
52.21762417,6.90033186,107.4000015258789,3,null,16.299999237060547,1,1377337695000
52.21764834,6.90034711,106.69999694824219,4,null,34.599998474121094,1,1377337698000
52.21765752,6.90034863,105.69999694824219,3,null,24.200000762939453,1,1377337699000
52.21769095,6.90036032,104.80000305175781,4,null,10.600000381469727,1,1377337702000
52.21770247,6.90036567,104.19999694824219,3,null,12.100000381469727,1,1377337703000
52.21773635,6.90037052,102.80000305175781,3,null,10.699999809265137,1,1377337706000
52.21776711,6.90037735,103.4000015258789,4,null,13.199999809265137,1,1377337709000
52.21777728,6.90037713,102.5,3,null,9,1,1377337710000
52.21781376,6.90037353,102.69999694824219,3,null,1.899999976158142,1,1377337713000
52.21783961,6.90035992,101.5,3,null,352.5,0.75,1377337716000
52.21787375,6.90035243,102.80000305175781,3,null,2.700000047683716,1.25,1377337719000
52.2179086,6.90034901,102.30000305175781,3,null,2.700000047683716,1.25,1377337722000
52.21793672,6.90035162,102.0999984741211,3,null,7.599999904632568,1,1377337725000
52.21796797,6.9003514,101.69999694824219,3,null,0.800000011920929,1,1377337728000
52.2180016,6.90034818,102,3,null,3.9000000953674316,1,1377337731000
52.21803416,6.90034321,102.4000015258789,3,null,357.5,1,1377337734000
52.21805779,6.900338,102,3,null,0.4000000059604645,1.25,1377337736000
52.21808961,6.90034108,101.4000015258789,3,null,4.099999904632568,1.25,1377337739000
52.2181244,6.90032995,101.30000305175781,3,null,350.20001220703125,1.25,1377337742000
52.21815645,6.90033048,100.69999694824219,3,null,3.200000047683716,1,1377337745000
52.21818804,6.90032985,101.5,3,null,359.20001220703125,1,1377337748000
52.21822286,6.90034008,102.19999694824219,3,null,10.800000190734863,1.25,1377337751000
52.21824676,6.90036047,101.80000305175781,4,null,15.300000190734863,1.25,1377337753000
52.218272,6.90037626,101.19999694824219,3,null,8.199999809265137,1.25,1377337755000
52.21829874,6.90038017,100.5,3,null,358.5,1.25,1377337757000
52.2183338,6.90037894,100.5,4,null,354.1000061035156,1.25,1377337760000
52.21835478,6.90037649,100.4000015258789,3,null,354.1000061035156,1.25,1377337762000
52.21838908,6.90037549,101,3,null,358.3999938964844,1.25,1377337765000
52.21841774,6.90037689,101,3,null,0.4000000059604645,1,1377337768000
52.21845631,6.90037291,102.69999694824219,3,null,356.29998779296875,1.25,1377337772000
52.21848628,6.90037523,101.5,3,null,359.5,1.25,1377337775000
52.21851515,6.90037519,99.5999984741211,3,null,352,0.75,1377337779000
52.21853467,6.90036361,99.9000015258789,3,null,346,0.75,1377337782000
52.21856221,6.90034704,100.9000015258789,4,null,341.3999938964844,1,1377337785000
52.21858494,6.90034361,100.80000305175781,3,null,350.6000061035156,1,1377337787000
52.21860749,6.90033637,101.9000015258789,3,null,347.5,1,1377337789000
52.21863563,6.90032526,102.19999694824219,4,null,344.5,1,1377337792000
52.21864395,6.90032539,102.5,3,null,352.6000061035156,1,1377337793000
52.21867014,6.90032044,101.0999984741211,3,null,351.70001220703125,0.5,1377337798000
52.21869426,6.90030541,103.5,3,null,345,1,1377337800000
52.21872451,6.90029401,104,3,null,352.29998779296875,1.25,1377337802000
52.21875168,6.90029002,105.19999694824219,3,null,355,1.25,1377337804000
52.21877313,6.90028133,107.0999984741211,3,null,null,0,1377337807000
52.21881067,6.90027111,108.5999984741211,3,null,354.5,1,1377337812000
52.21884954,6.90027104,109,4,null,359.20001220703125,1.25,1377337815000
52.21886994,6.90028125,107.69999694824219,3,null,2.0999999046325684,1.25,1377337817000
52.21889152,6.90029074,106.69999694824219,3,null,355,1,1377337820000
52.21891397,6.90030076,105.19999694824219,3,null,0.6000000238418579,1.25,1377337822000
52.21893968,6.90031055,105,3,null,358,1.25,1377337824000
52.21896743,6.9003142,103.5,3,null,353.20001220703125,1.25,1377337826000
52.21898054,6.90031382,103.69999694824219,3,null,349.29998779296875,1.25,1377337827000
52.21899406,6.90031417,103.19999694824219,3,null,351.1000061035156,1.25,1377337828000
52.21900634,6.90031615,103.0999984741211,3,null,351.6000061035156,1.25,1377337829000
52.21901643,6.90031646,101.9000015258789,3,null,348.29998779296875,1,1377337830000
52.21905211,6.90031208,101.30000305175781,3,null,345.8999938964844,1.25,1377337833000
52.2190667,6.90031224,101.0999984741211,3,null,350,1.25,1377337834000
52.21907999,6.90031277,100.4000015258789,3,null,350.8999938964844,1.25,1377337835000
52.21909333,6.90031279,100.0999984741211,3,null,352.6000061035156,1.25,1377337836000
52.21910548,6.90031201,100.0999984741211,3,null,350.5,1,1377337837000
52.21914009,6.90030901,100.30000305175781,3,null,349.70001220703125,1,1377337840000
52.21917497,6.90030623,98.9000015258789,3,null,349.3999938964844,0.75,1377337844000
52.21918556,6.90030418,98.5999984741211,3,null,349.5,1,1377337845000
52.21919756,6.90030201,98.4000015258789,3,null,352.6000061035156,1,1377337846000
52.21922236,6.9002962,98.4000015258789,3,null,352.5,1.25,1377337848000
52.21924395,6.90028971,97.0999984741211,3,null,351,1,1377337850000
52.21927686,6.90028446,95.80000305175781,3,null,353.8999938964844,1.25,1377337853000
52.21931229,6.90028161,95.5999984741211,3,null,353.1000061035156,1.25,1377337856000
52.21934685,6.90027516,94.5999984741211,4,null,348.79998779296875,1.25,1377337859000
52.21935842,6.90027162,94.5,3,null,347.1000061035156,1.25,1377337860000
52.21936923,6.90026956,94.30000305175781,3,null,349.29998779296875,1.25,1377337861000
52.21939291,6.90026618,93.30000305175781,3,null,349.8999938964844,1.25,1377337863000
52.21940382,6.90026511,93.19999694824219,3,null,350.20001220703125,1.25,1377337864000
52.21941472,6.90026365,93.19999694824219,3,null,349.1000061035156,1,1377337865000
52.21942407,6.90026293,91.9000015258789,3,null,349.20001220703125,1,1377337866000
52.21943184,6.90026417,91.69999694824219,3,null,353.5,1,1377337867000
52.21945308,6.90027788,91.4000015258789,3,null,6.699999809265137,0.75,1377337870000
52.2194587,6.9003,91.30000305175781,3,null,27,0.5,1377337875000
52.21947112,6.90032338,90.30000305175781,3,null,27,0.5,1377337879000
