Latitude,Longitude,Altitude,Accuracy,Altitude Accuracy,Heading,Speed,Timestamp
52.21938927,6.89884083,90.80000305175781,3,null,null,0,1377338140000
52.21941065,6.89882958,90.5,3,null,355.79998779296875,1,1377338150000
52.21944371,6.89882509,91.0999984741211,3,null,357.3999938964844,1,1377338153000
52.21946986,6.89882874,89.9000015258789,3,null,4.099999904632568,1,1377338155000
52.21948306,6.89883514,89,4,null,6.400000095367432,1,1377338156000
52.21949375,6.8988396,88.30000305175781,4,null,7.099999904632568,0.75,1377338157000
52.21952967,6.89885728,89.80000305175781,4,null,7.800000190734863,1,1377338160000
52.21955405,6.89886054,90.69999694824219,3,null,0.699999988079071,0.75,1377338163000
52.21958354,6.89886341,92.5999984741211,3,null,352.8999938964844,0.75,1377338170000
