Latitude,Longitude,Altitude,Accuracy,Altitude Accuracy,Heading,Speed,Timestamp
52.21898809,6.89634107,93.5999984741211,12,null,256.5,0.5,1377339823000
52.21890454,6.89631095,95.69999694824219,11,null,256.5,0.5,1377339829000
52.2188059,6.89630354,95.19999694824219,7,null,null,0,1377339835000
52.21877301,6.89631534,95.4000015258789,6,null,null,0,1377339837000
52.21876429,6.89632253,94.9000015258789,5,null,null,0,1377339838000
52.21875457,6.8963301,94.9000015258789,4,null,null,0,1377339843000
52.21871898,6.89634831,95.5999984741211,5,null,256.5,0.5,1377339856000
52.21868728,6.89637339,96.9000015258789,5,null,155.5,0.75,1377339858000
52.21865573,6.89639475,97.30000305175781,5,null,149.39999389648438,0.75,1377339860000
