Latitude,Longitude,Altitude,Accuracy,Altitude Accuracy,Heading,Speed,Timestamp
52.21848424,6.89647268,101.9000015258789,4,null,null,0,1377339874000
52.2184879,6.89647606,102.19999694824219,4,null,null,0,1377339875000
52.21849271,6.89648083,102.5999984741211,3,null,null,0,1377339882000
52.21847485,6.89648999,103.69999694824219,3,null,null,0,1377339906000
52.21847441,6.89648989,103.69999694824219,3,null,null,0,1377339913844
52.21844978,6.89650294,102.9000015258789,3,null,149.39999389648438,0.75,1377339963000
52.21839526,6.89653195,100.19999694824219,3,null,162.89999389648438,1.25,1377339967000
52.21836514,6.89654123,99.5999984741211,3,null,171.5,1.25,1377339969000
52.21832957,6.89654175,99.0999984741211,4,null,178.10000610351562,1,1377339972000
