Latitude,Longitude,Altitude,Accuracy,Altitude Accuracy,Heading,Speed,Timestamp
52.22325113454474,6.8955914171912305,86.55150506652717,8,null,185.2795867919922,0.8527601361274719,1377339185999
52.22321360302893,6.895573038841823,86.84215620523517,6,null,176.63258361816406,0.8395739793777466,1377339189999
52.223140936894374,6.895578351986621,87.11961930106814,8,null,180.22662353515625,0.9716927409172058,1377339194999
52.22312513933313,6.895576820481875,87.35056020945254,6,null,199.32647705078125,0.9185192584991455,1377339196999
52.2230778798623,6.8955952442502655,87.39941138993981,6,null,233.2648468017578,0,1377339203999
52.2230492804235,6.89562602855049,88.24992771661219,6,null,163.4162139892578,0.841545820236206,1377339210999
52.2229998919391,6.895655679300717,89.01142727713062,8,null,155.76048278808594,0.799504280090332,1377339218999
52.22293845013986,6.895693921278098,89.6540734186636,8,null,141.415771484375,0.626891553401947,1377339229999
52.22286458413584,6.895706119700824,90.36577871140176,8,null,187.7652587890625,0,1377339237999
