Latitude,Longitude,Altitude,Accuracy,Altitude Accuracy,Heading,Speed,Timestamp
52.2215208,6.8974889,null,30,null,null,null,1377339644822
52.2215308,6.8974951,null,30,null,null,null,1377339653241
52.2215525,6.8975168,null,30,null,null,null,1377339655280
52.2215207,6.8975206,null,30,null,null,null,1377339673582
52.2215452,6.8975065,null,30,null,null,null,1377339693580
52.2215273,6.8974819,null,30,null,null,null,1377339713510
52.2215328,6.8974322,null,30,null,null,null,1377339736907
52.2215191,6.8974183,null,30,null,null,null,1377339757344
52.2215011,6.897418,null,30,null,null,null,1377339773667
52.2214949,6.8974331,null,30,null,null,null,1377339793762
52.2214844,6.8974505,null,30,null,null,null,1377339813862
52.2214795,6.8974662,null,30,null,null,null,1377339837124
52.2214898,6.897454,null,30,null,null,null,1377339857422
52.2214931,6.8974489,null,30,null,null,null,1377339873905
52.2214888,6.8974671,null,30,null,null,null,1377339893945
52.2214891,6.8974508,null,30,null,null,null,1377339913959
52.2214834,6.8974526,null,30,null,null,null,1377339937304
52.2214323,6.8975783,null,30,null,null,null,1377339957618
52.2214919,6.8973984,null,36,null,null,null,1377339974086
52.2211885,6.8982532,null,43.334999084472656,null,null,null,1377339999090
52.2213185,6.899015,null,40.5,null,null,null,1377340020144
52.2213672,6.8990474,null,40.5,null,null,null,1377340037679
52.22168892903921,6.89850576178646,20.71030496007154,32,null,189.5811309814453,0,1377340038999
52.22168892903921,6.89850576178646,20.769239920351286,32,null,189.5811309814453,0,1377340039999
52.2212623,6.8989857,null,33.46200180053711,null,null,null,1377340040011
52.22168892903921,6.89850576178646,20.861186067242446,24,null,189.5811309814453,0,1377340040999
52.22168892903921,6.89850576178646,20.97079073384681,24,null,189.5811309814453,0,1377340041999
52.22168892903921,6.89850576178646,21.085557407740666,24,null,189.5811309814453,0,1377340042999
52.22168892903921,6.89850576178646,21.205117328780968,16,null,189.5811309814453,0,1377340043999
52.22168892903921,6.89850576178646,21.33905479827483,16,null,189.5811309814453,0,1377340044999
52.22168892903921,6.89850576178646,22.713576782741065,16,null,189.5811309814453,0,1377340045999
52.22168892903921,6.89850576178646,24.091253738686554,12,null,189.5811309814453,0,1377340046999
52.22168892903921,6.89850576178646,25.389772187230562,16,null,189.5811309814453,0,1377340047999
52.2216467213609,6.8985476501551695,26.687971642612276,16,null,189.5811309814453,0,1377340048999
52.22164635753245,6.8985480030798465,27.928813118587136,16,null,189.5811309814453,0,1377340049999
52.221619928340594,6.898577126262455,29.159603676408103,16,null,189.5811309814453,0,1377340050999
52.22157596307294,6.898611218320479,30.441951655449152,16,null,189.5811309814453,0,1377340051999
52.2215756297898,6.89861147679499,31.71919471949947,16,null,189.5811309814453,0,1377340052999
52.22155640880561,6.898615542441529,32.96619493720458,12,null,189.5811309814453,0,1377340053999
52.22152197935056,6.898627329227647,34.18685834752076,12,null,189.5811309814453,0,1377340054999
52.22147796871798,6.898642698197227,35.3929068629994,8,null,189.5811309814453,0,1377340055999
52.221433842761,6.898666580443579,36.57942207623026,12,null,189.5811309814453,0,1377340056999
52.2213894736552,6.898695833322727,37.736632604142706,12,null,189.5811309814453,0,1377340057999
52.22134603974114,6.898724937155036,38.8485977003352,12,null,194.4503173828125,0.6155127882957458,1377340058999
52.2211953,6.8990065,null,36,null,null,null,1377340058614
52.22130652416151,6.898749854234957,39.9429032748215,6,null,180.58352661132812,0.6443358063697815,1377340059999
52.22127171165557,6.898770591724214,41.02427650102888,6,null,166.2406463623047,0.6689990162849426,1377340060999
52.22124076963548,6.898782884270636,42.058585347162264,12,null,172.96485900878906,0.6867727637290955,1377340061999
52.22121293009591,6.898789864500011,43.08692277522206,6,null,175.2317657470703,0.7045390605926514,1377340062999
52.22113961228774,6.898802883109223,45.95658682236299,8,null,175.2317657470703,0,1377340065999
52.221093454259595,6.898824010512298,47.74094706188678,6,null,181.34234619140625,0.763619065284729,1377340067999
52.221024213662865,6.898830556224357,51.07257983289803,8,null,193.22763061523438,0.825800359249115,1377340071999
52.22098653469102,6.898818198292048,53.24705155280306,6,null,189.97955322265625,0.8295742869377136,1377340074999
52.22091665383518,6.898806455073112,57.347329488611294,8,null,163.06253051757812,0.877068817615509,1377340080999
52.22085166174338,6.898783160076194,60.635682537098624,8,null,171.9260711669922,1.0485705137252808,1377340085999
52.220758919600684,6.898778192279628,66.69110418408107,8,null,166.0983428955078,1.2280938625335693,1377340095999
52.22072760726603,6.898754847234485,68.85821138317992,6,null,197.12049865722656,1.1964826583862305,1377340099999
52.22068350331278,6.898725095105876,71.35058965734318,6,null,177.7155303955078,1.1418765783309937,1377340104999
52.220657818951324,6.89869472127425,73.44666904940333,6,null,192.2317352294922,1.0796784162521362,1377340110999
52.220607507284676,6.898682909123795,74.7957540833354,6,null,168.44590759277344,1.0533082485198975,1377340116999
52.220563660100545,6.898666934297357,76.09510302806125,6,null,194.88388061523438,0.9600194096565247,1377340122999
52.2204883271741,6.898658785308918,79.0301306329553,8,null,193.57049560546875,0.8493895530700684,1377340133999
52.220469339836654,6.898656749274463,79.6060177561152,6,null,164.08958435058594,0.8824414014816284,1377340135999
52.22043069571133,6.898640495559752,81.03385739431923,6,null,145.9698944091797,1.11636483669281,1377340139999
52.220395799239625,6.898617256535434,82.6503670033417,6,null,154.01275634765625,1.074313759803772,1377340144999
52.22035565307921,6.8986337418357735,83.61157014154742,6,null,156.53561401367188,1.0428214073181152,1377340148999
52.220306343345285,6.898645774400784,84.4634054642021,6,null,175.53610229492188,0.9958674311637878,1377340153999
52.22023960792188,6.898636882792721,87.06408342004794,8,null,181.94102478027344,0.8599910736083984,1377340164999
52.22018155089379,6.898653627248852,88.62954023641504,8,null,153.46371459960938,1.1724331378936768,1377340170999
52.220109759787206,6.898646639016457,90.71656944938448,8,null,187.38937377929688,0.66923987865448,1377340180999
52.220043364824164,6.898662148257074,91.07836984756254,8,null,183.82363891601562,1.1159690618515015,1377340184999
52.219983345317445,6.898677108117448,91.63007378535761,8,null,195.67327880859375,1.1784753799438477,1377340189999
52.219899105577,6.898681920846448,92.3169644109635,8,null,181.94659423828125,1.0101678371429443,1377340199999
52.21983606312358,6.898692486819539,92.55270931693124,8,null,173.6292724609375,0.9303706288337708,1377340205999
52.21982627055774,6.8986945494956675,92.55226479436674,6,null,172.30360412597656,0.9479240775108337,1377340206999
52.21977337496143,6.898686347393712,93.0958771483837,6,null,207.41812133789062,0.9097939729690552,1377340213999
52.21971767083809,6.898690575565174,93.38009596151814,6,null,165.46923828125,0.951175332069397,1377340218999
52.21965829446909,6.898691387127849,93.41173075701491,6,null,179.93821716308594,0.9143190383911133,1377340225999
52.21962781095261,6.898731802281183,93.2219206666247,6,null,144.9400634765625,0.7168005704879761,1377340230999
52.21959973997459,6.898762384590647,93.65121194080979,6,null,165.96775817871094,0.5877056121826172,1377340234999
52.219561042393515,6.898744170397726,93.86045696184082,6,null,190.98666381835938,0,1377340240999
52.219529071756526,6.8987694744743475,93.68372058515186,6,null,167.3247528076172,0.750989556312561,1377340254999
52.2194590024636,6.8987724620543025,93.86721851815331,8,null,158.9674835205078,0.9489740133285522,1377340263999
52.21941201551875,6.898775321863444,94.887066496394,6,null,182.14297485351562,0.9456641674041748,1377340269999
52.219369504964426,6.8987589050007285,95.31998981736935,6,null,183.1794891357422,0.9165641665458679,1377340273999
52.21932508768959,6.898728542448269,95.4022352687609,8,null,201.77101135253906,0.8262293934822083,1377340279999
52.2192713392795,6.898706825799475,94.87068993493872,8,null,202.8548583984375,0.4560147821903229,1377340287999
52.21919597918922,6.898713394781853,94.32027033349709,8,null,173.59654235839844,1.0891380310058594,1377340292999
52.219167231881364,6.898666121578511,93.74184175877048,8,null,268.525390625,1.1358400583267212,1377340299999
52.219087167571544,6.898633628403219,92.28777032787202,8,null,242.1907958984375,0.9927622079849243,1377340312999
52.219053144003176,6.89859476705421,91.31912522657619,8,null,240.70147705078125,0.8439435362815857,1377340319999
52.218979416551676,6.8985740681270205,90.47694664458614,8,null,212.587890625,0.7739241123199463,1377340330999
52.21891869434118,6.8985369716899765,90.28574854583393,8,null,201.72079467773438,0.8685818910598755,1377340337999
52.218866579907264,6.898513052517881,89.9381836055373,8,null,186.8414306640625,0.8137149214744568,1377340344999
52.218798297644895,6.898507601930051,90.42158762566076,8,null,211.1318817138672,0.7877667546272278,1377340351999
52.21877608022361,6.898516585873987,90.49895079180564,6,null,170.8960723876953,0.7869659662246704,1377340353999
52.2187252040288,6.898530345768566,90.55034951397168,6,null,178.399658203125,0.8907275199890137,1377340356999
52.218690814940274,6.898557013717316,90.50208176995993,6,null,247.16897583007812,0,1377340367999
52.2185611,6.8983809,null,27,null,null,null,1377340377846
52.21866584480159,6.898587761115152,90.51701508625933,8,null,145.38235473632812,0.9862290620803833,1377340378999
52.21871341485444,6.898616567335778,90.88489854958273,6,null,22.71852684020996,0.651212215423584,1377340388999
52.2186463,6.8983828,null,25.121000289916992,null,null,null,1377340396283
52.218770705366325,6.898622045965588,91.5150189733758,6,null,22.868505477905273,0.6736080646514893,1377340396999
52.218819642544,6.898644362598909,91.47519164725325,6,null,11.048200607299805,0.7502056956291199,1377340403999
52.21887770957476,6.898653757172668,91.1474185184359,6,null,9.24714469909668,0.7052958011627197,1377340412999
52.218731,6.8985094,null,29.83099937438965,null,null,null,1377340416310
52.218902716680695,6.898666469489744,91.1630761316126,8,null,28.60117530822754,0.6923325657844543,1377340416999
52.21896031306864,6.898683843353384,91.14310662616298,8,null,9.605277061462402,0.7127206921577454,1377340424999
52.2190012796835,6.898722468463481,91.0305991948611,6,null,29.00748634338379,0.7309949994087219,1377340429999
52.21903676072426,6.89876211843086,90.9464720242303,8,null,36.35160446166992,0.7864335775375366,1377340433999
52.21910244664832,6.898784907446622,91.23942510380374,8,null,354.3427734375,0.8835733532905579,1377340442999
52.21917302306346,6.898782186769298,91.3168805037807,8,null,4.58139181137085,0.984377920627594,1377340452999
52.219087,6.8985837,null,31.301000595092773,null,null,null,1377340459560
52.219197365159,6.8987848555995175,91.45033393086445,8,null,47.183048248291016,0.8795467019081116,1377340459999
52.219222032604875,6.898842225898467,91.20654994724825,8,null,17.742385864257812,0.5660892128944397,1377340470999
52.219307548436056,6.898874086697136,91.32470316380693,12,null,17.67035484313965,0.9634086489677429,1377340482999
52.21933305086416,6.898886760043947,91.4089851371846,8,null,27.279979705810547,0.9759920239448547,1377340484999
52.21939744372368,6.898869907305061,91.50381556213642,8,null,20.239452362060547,0.8517174124717712,1377340490999
52.219453689411054,6.8988516113971015,92.33731294495753,8,null,300.6156921386719,0.47703415155410767,1377340498999
52.21947758740524,6.898774556611253,92.4100869781131,8,null,309.1720886230469,0.8130700588226318,1377340505999
52.219501600375956,6.898714221289235,92.34981757412065,8,null,313.2802429199219,0.7828099131584167,1377340510999
52.219521666012795,6.898661144085841,92.32412798079088,8,null,305.0384216308594,0.755970299243927,1377340514999
52.219540045935815,6.898597731199804,91.97470620123003,6,null,327.4533386230469,0.7314769625663757,1377340519999
52.21953305595025,6.8985298441674985,90.76445329874032,8,null,263.74566650390625,0.7107316851615906,1377340524999
52.21953141290739,6.898440148233306,89.29580654414686,6,null,284.153076171875,0.7696877121925354,1377340531999
52.219552085893014,6.898380586761175,89.17831015514695,6,null,285.7789306640625,0.8585861325263977,1377340537999
52.219537733157736,6.898303941902727,89.21551666751249,8,null,249.2539520263672,0.8591326475143433,1377340542999
52.219523754386024,6.8982349197447395,89.20873626023631,8,null,269.997314453125,0.8676929473876953,1377340548999
52.219514959713905,6.898209387974818,89.07382351658336,6,null,240.5802001953125,0.9007020592689514,1377340550999
52.21950599550081,6.898152323780171,88.87159498024488,6,null,276.2073059082031,1.1419475078582764,1377340553999
52.219484745374224,6.898105106724565,88.8759834957603,6,null,247.81529235839844,0.9933921098709106,1377340557999
52.219452793076705,6.898060627621618,89.00097901565947,8,null,234.2305450439453,0.9217052459716797,1377340561999
52.219452679807254,6.8979833280019,89.28124252964574,8,null,268.11578369140625,0.9997926354408264,1377340565999
52.21943659308761,6.897949936397645,89.67618753896994,6,null,247.33285522460938,0.9439021348953247,1377340569999
52.219415176627805,6.897898185239346,89.83064483937791,6,null,272.7301940917969,0.7011612057685852,1377340575999
52.219401669944986,6.89783286602216,90.0674808579163,8,null,258.6863098144531,0.9702357053756714,1377340578999
52.219403769089034,6.8977599010075314,90.54875809219628,8,null,306.8725280761719,1.682018518447876,1377340581999
52.21936844080199,6.897682584053411,91.34687810634111,12,null,275.1528015136719,1.3671964406967163,1377340588999
52.2193657559753,6.897669630026862,91.37614529301197,8,null,269.3017883300781,1.3184497356414795,1377340589999
52.21935395612801,6.897588681792968,91.5291875981382,6,null,258.07196044921875,1.113893747329712,1377340594999
52.2193487607998,6.897510209130137,91.70819309015015,8,null,275.8611755371094,1.0477784872055054,1377340599999
52.219344736889205,6.8974804208452625,91.82719878898834,6,null,273.7934265136719,0.9998840689659119,1377340601999
52.219335318079445,6.897409323440485,92.05672196789608,8,null,261.17608642578125,0.8270063400268555,1377340607999
52.219335221100465,6.897391546713393,92.19233461734586,6,null,278.3057556152344,0.837647020816803,1377340609999
52.219316892011115,6.897352355290099,92.3618119004482,6,null,251.18296813964844,0.9069234728813171,1377340613999
52.219301642426274,6.897291833519994,92.37066489975214,6,null,260.5876159667969,0.8959671258926392,1377340616999
52.21929419383175,6.897236383719591,92.2990052174772,6,null,246.4192352294922,0.8809279799461365,1377340620999
52.21928601965032,6.897185077546511,92.11464001334235,6,null,276.83660888671875,0.8928576707839966,1377340623999
52.2192078,6.8963161,null,56.417999267578125,null,null,null,1377340623716
52.21928500771082,6.897169672287552,92.06554563404964,6,null,275.3441467285156,0.8939866423606873,1377340624999
52.219271005779746,6.897121984436045,91.76800074849453,6,null,271.4904479980469,0.9354551434516907,1377340629999
52.219263285953076,6.897064961445361,91.64968717841329,6,null,288.78851318359375,0.986801266670227,1377340633999
52.21925286753899,6.897015452854025,91.2615664171179,6,null,246.31143188476562,1.0345953702926636,1377340637999
52.21920105283849,6.8969760325005955,90.79954033440778,6,null,175.6714630126953,1.0516928434371948,1377340643999
52.2192248,6.8962582,null,54.82899856567383,null,null,null,1377340644256
52.21919850987481,6.896962419132716,90.70948355668321,6,null,225.9442138671875,1.021200180053711,1377340644999
52.2192216,6.8962396,null,20,null,null,null,1377340660582
52.21919456801534,6.896917281713371,90.17732893980651,8,null,213.7376251220703,0,1377340661000
52.2192281,6.8963081,null,56.861000061035156,null,null,null,1377340680634
52.21919456801534,6.896917281713371,89.92908010991975,8,null,213.7376251220703,0,1377340681000
52.21919830478905,6.896901746586701,89.9099635402809,6,null,213.7376251220703,0,1377340684000
52.21919980809465,6.896848791259345,88.69205444050654,6,null,201.83575439453125,0,1377340700000
52.2192266,6.8963446,null,50.055999755859375,null,null,null,1377340700755
52.219194860848866,6.8968524237396736,88.52466063764129,8,null,176.6446533203125,0.3837552070617676,1377340702000
52.2191772,6.8963922,null,46.630001068115234,null,null,null,1377340720724
52.2191956726955,6.896839318791506,87.72352719116977,8,null,176.6446533203125,0,1377340722000
52.2191956726955,6.89683931879152,87.71620804728876,6,null,176.6446533203125,0,1377340723000
52.2192287,6.8963152,null,51.72800064086914,null,null,null,1377340740808
52.2191956726955,6.89683931879152,87.14672683818256,12,null,176.6446533203125,0,1377340742000
52.2191956726955,6.89683931879152,87.12627275082095,8,null,176.6446533203125,0,1377340745000
52.21918897044569,6.896754601228921,87.02703938421993,8,null,257.7774353027344,0.9524617195129395,1377340758000
52.21918737247477,6.896725073938032,86.92707313271839,6,null,276.7569274902344,0.9560238122940063,1377340760000
52.2192097,6.896247,null,55.2130012512207,null,null,null,1377340760904
52.219187577955566,6.896696554110975,86.8316990374418,6,null,268.5256652832031,0.9476832747459412,1377340762000
52.21918057035128,6.896643772281748,86.60903802896162,6,null,243.96832275390625,0.8920961618423462,1377340766000
52.21917396566716,6.896582777611056,86.32469966726924,6,null,255.4596710205078,0.875508189201355,1377340770000
52.21916794098147,6.8965289655707664,86.1433523898384,6,null,257.33685302734375,0.9009658098220825,1377340774000
52.21916031918994,6.8964247358314585,86.92718279503968,8,null,259.5974426269531,0,1377340783000
52.21915400954652,6.896352924219982,88.11280315516677,8,null,252.8746795654297,0.8297710418701172,1377340789000
52.219117842106435,6.896273076982878,90.56843931306523,12,null,217.327392578125,0,1377340799000
52.21902785683742,6.896255186250054,93.04087640907233,8,null,165.01502990722656,1.0534850358963013,1377340810000
52.21895257815273,6.896259140782189,94.84354121500475,8,null,178.89833068847656,0,1377340817000
52.2192101,6.8963025,null,20,null,null,null,1377340821420
52.21892882585721,6.8962667430559605,95.99267010897844,8,null,176.2047882080078,0.90286785364151,1377340822000
52.21888483131965,6.896312329345609,99.2556224481293,8,null,141.14234924316406,0,1377340835000
52.2191885,6.8963225,null,24,null,null,null,1377340841280
52.21886294726022,6.89632624161394,101.13222528538833,8,null,107.60275268554688,0,1377340842000
