Latitude,Longitude,Altitude,Accuracy,Altitude Accuracy,Heading,Speed,Timestamp
52.22116662,6.8989125,93,9,null,null,0,1377340314000
52.2211666,6.89891246,93,7,null,null,0,1377340315000
52.22116662,6.89891234,93,6,null,null,0,1377340318000
52.22117269,6.898925,99,5,null,null,0,1377340320000
52.22115737,6.89894425,95,4,null,null,0,1377340327000
52.22114105,6.89897488,97,3,null,158.60000610351562,0.75,1377340332000
52.22110405,6.89896214,94,4,null,178.39999389648438,0.75,1377340336000
52.22107471,6.89894346,95,4,null,178.39999389648438,0.5,1377340340000
52.22109211,6.8989134,94,4,null,null,0,1377340344000
52.22109486,6.89889925,94,3,null,null,0,1377340353000
52.22106775,6.89888673,94,4,null,178.39999389648438,0.75,1377340378000
52.22105844,6.89887817,93,3,null,178.39999389648438,0.5,1377340380000
52.22105035,6.89884363,91,4,null,214.1999969482422,1,1377340384000
52.22101602,6.89882307,91,4,null,202,2,1377340386000
52.22097605,6.89880709,90,4,null,198,2,1377340388000
52.22088966,6.89879432,90,9,null,187.1999969482422,2,1377340392000
52.22080229,6.89876482,91,10,null,193.89999389648438,2,1377340396000
52.22071777,6.89873004,89,10,null,195.89999389648438,2.25,1377340400000
52.22066928,6.89871879,88,5,null,188.8000030517578,2.25,1377340402000
52.22058409,6.89870876,86,6,null,184.6999969482422,2.5,1377340405000
52.22053449,6.89867777,85,8,null,190.3000030517578,1.5,1377340408000
52.22051927,6.8986786,86,7,null,181,1.5,1377340409000
52.22050172,6.89868173,87,6,null,175.10000610351562,1.75,1377340410000
52.2204925,6.89868074,87,5,null,166.10000610351562,0.75,1377340412000
52.22044225,6.89869164,87,4,null,172.6999969482422,1.5,1377340415000
52.22039927,6.89869939,87,5,null,170,2,1377340417000
52.22035362,6.89870933,86,5,null,168,2,1377340419000
52.22031367,6.89871536,86,5,null,169.5,2,1377340421000
52.22028359,6.89871338,86,4,null,173.1999969482422,1.75,1377340423000
52.2202436,6.89872196,89,4,null,161.5,1.25,1377340427000
52.22020182,6.89875287,89,7,null,158.3000030517578,1.5,1377340430000
52.22018835,6.89875715,88,6,null,160.6999969482422,1.5,1377340431000
52.22016636,6.89876341,88,5,null,160.60000610351562,1.5,1377340433000
52.22010556,6.89876286,87,5,null,178.89999389648438,1.5,1377340438000
52.22005428,6.89876261,87,4,null,175.8000030517578,1.5,1377340441000
52.22001831,6.89876023,86,4,null,181.1999969482422,1.5,1377340443000
52.21996525,6.89875074,86,4,null,175.60000610351562,1.5,1377340446000
52.2199216,6.89874064,86,5,null,178.3000030517578,1.5,1377340449000
52.2198725,6.89873436,89,5,null,176.8000030517578,0.75,1377340454000
52.21981555,6.8987402,92,6,null,173.1999969482422,1,1377340459000
52.21976368,6.89874661,94,6,null,173.5,1.5,1377340462000
52.21974657,6.89875188,94,5,null,169.6999969482422,1.25,1377340463000
52.21965074,6.89876292,97,11,null,179.3000030517578,0.75,1377340473000
52.21958981,6.89877052,95,10,null,192.1999969482422,2,1377340476000
52.2195606,6.89869789,97,10,null,255.3000030517578,2,1377340479000
52.21956163,6.89864293,96,9,null,264.70001220703125,2,1377340481000
52.21957143,6.89854524,97,9,null,275.29998779296875,2,1377340484000
52.21958865,6.89843902,97,10,null,277.6000061035156,2,1377340487000
52.21959223,6.89837075,95,9,null,272.70001220703125,2,1377340489000
52.2195821,6.89826296,90,10,null,268,2,1377340492000
52.2195676,6.89815319,90,10,null,265.6000061035156,2,1377340495000
52.21955099,6.89808557,89,9,null,255.3000030517578,2.25,1377340497000
52.21951262,6.89802886,88,9,null,228.10000610351562,2.25,1377340499000
52.21946941,6.89798891,88,9,null,216.89999389648438,2.25,1377340501000
52.21943648,6.89794037,87,9,null,226.8000030517578,2.25,1377340503000
52.21942608,6.89791006,88,4,null,236.39999389648438,2.25,1377340504000
52.21941921,6.89787861,88,4,null,245.60000610351562,2.25,1377340505000
52.21941528,6.89784183,89,4,null,254.60000610351562,2.25,1377340506000
52.21940985,6.89780928,89,4,null,252.10000610351562,2.25,1377340507000
52.21940066,6.89777457,88,4,null,245.60000610351562,2.25,1377340508000
52.21938312,6.8977235,88,4,null,240.3000030517578,3.25,1377340509000
52.21936786,6.89767851,88,4,null,240.8000030517578,3.25,1377340510000
52.21935074,6.89762831,87,4,null,241.3000030517578,3.5,1377340511000
52.21933279,6.89758117,87,4,null,239.89999389648438,3.5,1377340512000
52.21931559,6.89753645,87,4,null,239.10000610351562,3.5,1377340513000
52.21929808,6.89748406,86,5,null,240.39999389648438,3.5,1377340514000
52.21928695,6.89744024,85,5,null,242.8000030517578,3.5,1377340515000
52.21927722,6.89739332,85,5,null,246,3.5,1377340516000
52.21926994,6.89734272,86,5,null,250.3000030517578,3.5,1377340517000
52.21926509,6.89729906,85,4,null,251.3000030517578,3.25,1377340518000
52.21926125,6.89725385,86,4,null,254.10000610351562,3,1377340519000
52.21926035,6.89720992,86,4,null,257.8999938964844,3,1377340520000
52.21926157,6.89716716,87,4,null,262.70001220703125,3,1377340521000
52.21926244,6.89711979,86,4,null,264.8999938964844,3,1377340522000
52.21925886,6.89707689,86,4,null,260.8999938964844,3,1377340523000
52.2192533,6.89703153,86,4,null,257.5,3,1377340524000
52.21924541,6.89698431,86,4,null,254.60000610351562,3,1377340525000
52.21923931,6.89694193,86,4,null,256.3999938964844,3,1377340526000
52.21923455,6.8968924,86,4,null,259.1000061035156,3,1377340527000
52.21923196,6.89684506,86,4,null,261.6000061035156,3,1377340528000
52.21922855,6.89680107,86,3,null,260.1000061035156,3,1377340529000
52.21922128,6.89675432,86,3,null,256.1000061035156,3,1377340530000
52.21921307,6.89671547,87,3,null,252.6999969482422,3,1377340531000
52.21920581,6.89668192,87,3,null,250.39999389648438,2.5,1377340532000
52.21919747,6.89664827,88,4,null,248.5,2.5,1377340533000
52.2191877,6.89661992,88,3,null,243.5,2.5,1377340534000
52.219176,6.89659058,88,4,null,240.39999389648438,2.25,1377340535000
52.21915978,6.8965488,88,4,null,244.3000030517578,1.75,1377340537000
52.21915422,6.8965021,88,4,null,260.8999938964844,1.25,1377340540000
52.21914785,6.89645624,90,4,null,248.6999969482422,1.25,1377340543000
52.21915095,6.89640215,92,5,null,280.1000061035156,1,1377340547000
52.21915024,6.89635606,88,5,null,267.1000061035156,1,1377340550000
52.21914048,6.89634167,87,4,null,249.60000610351562,1,1377340551000
52.21913535,6.89629802,86,4,null,281.6000061035156,1,1377340554000
52.21915636,6.89626775,88,4,null,318.5,1,1377340557000
52.21918662,6.89625117,91,4,null,328.5,1,1377340561000
52.21921975,6.89624238,91,3,null,350.5,0.75,1377340566000
52.21924521,6.89622061,90,4,null,331.20001220703125,1.5,1377340569000
52.21926947,6.8961895,90,4,null,328.8999938964844,1.5,1377340571000
52.21931313,6.89617235,93,4,null,346.20001220703125,2,1377340573000
52.21933971,6.89615124,94,4,null,335.8999938964844,2.75,1377340574000
52.21936979,6.89612539,96,5,null,332.29998779296875,2.75,1377340575000
52.21939932,6.89610378,93,5,null,333.8999938964844,3,1377340576000
52.21943042,6.89608867,94,5,null,339.70001220703125,3,1377340577000
52.21946566,6.89607165,95,5,null,342.6000061035156,3,1377340578000
52.21950165,6.89605281,96,6,null,342.3999938964844,3.5,1377340579000
52.21954301,6.89603614,95,6,null,343.6000061035156,4,1377340580000
52.21962053,6.89599546,96,7,null,342.8999938964844,4,1377340582000
52.21970307,6.89596524,96,7,null,343.1000061035156,4,1377340584000
52.21973912,6.89595662,95,5,null,343.5,4,1377340585000
52.21977256,6.89594203,94,5,null,339.3999938964844,3.75,1377340586000
52.21981467,6.89591609,92,4,null,338.1000061035156,2.75,1377340588000
52.21984991,6.89588151,94,5,null,334.79998779296875,2.5,1377340590000
52.21987251,6.89586243,92,4,null,336.8999938964844,2.75,1377340591000
52.21992185,6.89583044,95,4,null,339.20001220703125,2.75,1377340593000
52.21995639,6.89580781,94,5,null,340.1000061035156,3.5,1377340594000
52.21998777,6.89578631,95,5,null,341.1000061035156,3.5,1377340595000
52.22002154,6.89576885,94,4,null,344.8999938964844,3.5,1377340596000
52.22005423,6.89574981,94,4,null,344.8999938964844,3.5,1377340597000
52.22008052,6.89573298,94,4,null,345.20001220703125,3.25,1377340598000
52.22010943,6.89571006,88,4,null,342.29998779296875,3.25,1377340599000
52.2201471,6.89567788,89,5,null,340,2.5,1377340601000
52.22018415,6.89563608,91,4,null,331.20001220703125,2.5,1377340603000
52.22020312,6.89561811,91,4,null,332.1000061035156,2.5,1377340604000
52.2202395,6.89558847,94,4,null,335.5,2.25,1377340606000
52.22026048,6.8955718599999996,95,4,null,335.70001220703125,2.5,1377340607000
52.22028111,6.8955532999999996,95,4,null,333.8999938964844,2.5,1377340608000
52.22030192,6.89553769,95,4,null,336,2.5,1377340609000
52.22032734,6.89552229,96,4,null,339.29998779296875,2.5,1377340610000
52.22037678,6.89550062,95,4,null,345.8999938964844,2.5,1377340612000
52.22040442,6.89548691,95,4,null,344,2.5,1377340613000
52.22045256,6.89546126,95,4,null,338.79998779296875,2.5,1377340615000
52.22047796,6.8954456,95,4,null,326,1,1377340617000
52.22047977,6.89544565,97,3,null,null,0,1377340620000
