Latitude,Longitude,Altitude,Accuracy,Altitude Accuracy,Heading,Speed,Timestamp
52.22142758,6.89511642,102,8,null,null,0,1377336733000
52.22141969,6.89510882,103,7,null,null,0,1377336756000
52.22142225,6.89512475,102,6,null,null,0,1377336759000
52.22140093,6.89516272,97,6,null,315.6000061035156,0.5,1377336770000
52.221390219999996,6.89508191,101,7,null,250.89999389648438,0.75,1377336782000
52.22135636,6.89504738,102,7,null,224.60000610351562,0.75,1377336785000
52.22134515,6.8950324,103,6,null,238.6999969482422,0.75,1377336786000
52.22133741,6.89497878,101,6,null,273.5,0.75,1377336789000
52.22133427,6.89494266,102,5,null,266.1000061035156,0.75,1377336791000
