Latitude,Longitude,Altitude,Accuracy,Altitude Accuracy,Heading,Speed,Timestamp
52.21977679,6.89603951,85,11,null,215.5,1.5,1377340927000
52.21976667,6.89602163,86,10,null,220.6999969482422,1.25,1377340928000
52.21970664,6.89598111,85,10,null,191.5,1,1377340933000
52.21963281,6.89595292,85,10,null,173.6999969482422,2.25,1377340939000
52.21955842,6.89599002,86,10,null,167.10000610351562,2.75,1377340942000
52.2194745,6.89601148,86,10,null,165.10000610351562,3.25,1377340945000
52.21939348,6.89605751,86,10,null,159.39999389648438,3.25,1377340948000
52.21932034,6.89611247,87,11,null,152.8000030517578,3,1377340951000
52.21930834,6.89612956,87,10,null,142.89999389648438,2,1377340952000
