Question,Answer,Latitude,Longitude,Altitude,Accuracy,Altitude Accuracy,Heading,Speed,Timestamp
1,1, 50,52.2212378457694,6.895143065090598,96.55155411982328,12,null,null,0,1377336569001
2,D,52.22141781416851,6.895128672717762,96.67697859826426,8,null,342.25177001953125,0.5602371096611023,1377336674001
3,D,52.22203875921701,6.8904652266027675,85.97478352771682,8,null,203.06422424316406,0,1377337344001
4,2000,52.23110846047655,6.88896146729953,91.33429396346135,6,null,134.2240447998047,0,1377337920000
5,B,52.22193419327497,6.8965889920607415,89.74826797388258,6,null,288.38043212890625,0,1377339462000
6,B,52.22240444885083,6.895546308330509,90.82609305156845,6,null,134.30503845214844,1.3200173377990723,1377339661000
7,C,52.221169602264325,6.8988849808374395,86.9063520787905,6,null,113.1148681640625,0.5467613339424133,1377340069000
8,C,52.2202095926598,6.895444808686802,84.21508225732397,8,null,184.42906188964844,0,1377340617000
9,1, 00,52.21979658994873,6.896103108722965,86.96582275888277,12,null,302.13665771484375,1.1781527996063232,1377340854000
10,blauw,52.21924416044032,6.896552360304605,92.10469085406385,8,null,335.47320556640625,1.3408743143081665,1377340961000
