Latitude,Longitude,Altitude,Accuracy,Altitude Accuracy,Heading,Speed,Timestamp
52.2330856,6.8884133,null,1126,null,null,null,1377338224627
52.2330856,6.8884133,null,1126,null,null,null,1377338244639
52.2330856,6.8884133,null,1126,null,null,null,1377338264629
52.2330856,6.8884133,null,1126,null,null,null,1377338284662
52.2330856,6.8884133,null,1126,null,null,null,1377338305062
52.2330856,6.8884133,null,1126,null,null,null,1377338325096
52.2330856,6.8884133,null,1126,null,null,null,1377338345177
52.2330856,6.8884133,null,1126,null,null,null,1377338365205
52.2330856,6.8884133,null,1126,null,null,null,1377338385193
52.2330856,6.8884133,null,1126,null,null,null,1377338405251
52.2330856,6.8884133,null,1126,null,null,null,1377338425279
52.2330856,6.8884133,null,1126,null,null,null,1377338445268
52.2336778,6.8876454,null,1092,null,null,null,1377338465446
52.2314135,6.8916676,null,1050,null,null,null,1377338485554
52.23119284663027,6.891191177924476,-0.20803181947237098,24,null,313.5048522949219,0,1377338497000
52.23119264313132,6.891191850139687,-0.20611404997941382,24,null,313.5048522949219,0,1377338498000
52.23119263535111,6.891191856012154,-0.2020017193395785,16,null,313.5048522949219,0,1377338499000
52.23118209258181,6.891182909033555,-0.09096280409534639,24,null,213.9185791015625,1.5856001377105713,1377338500000
52.23118379330382,6.891185815249094,-0.06787142083282299,32,null,213.9185791015625,0,1377338501000
52.231177785410914,6.891188445307223,0.27159096979106556,32,null,213.9185791015625,0,1377338502000
52.23117028728482,6.891187298805022,0.7161738292375879,16,null,192.5393829345703,0.8702492713928223,1377338503000
52.2311654372023,6.891186575852043,1.360640807378981,16,null,192.5393829345703,0,1377338504000
52.23116131692729,6.891186080258934,2.2073005042104477,16,null,192.5393829345703,0,1377338505000
52.228557,6.8964576,null,1050,null,null,null,1377338505481
52.231154502617066,6.891188991169831,3.273575366041918,16,null,173.77761840820312,0.8266806602478027,1377338506000
52.2311466783919,6.891203985576655,4.449212463149953,12,null,149.42141723632812,1.0018162727355957,1377338507000
52.231144988417185,6.89123456844961,5.626008862169572,24,null,162.19708251953125,0,1377338508000
52.2311450724301,6.8912347452579645,6.954956324969343,24,null,162.19708251953125,0,1377338509000
52.23114507342804,6.891234747825391,8.247072102687511,24,null,162.19708251953125,0,1377338510000
52.231138499420354,6.8912479102382305,9.582243512852603,24,null,136.11973571777344,0.9117826819419861,1377338511000
52.23113320235211,6.891254685568444,10.956314192011972,16,null,136.11973571777344,0,1377338512000
52.23113319446909,6.891254724447384,12.29525730247738,16,null,136.11973571777344,0,1377338513000
52.23113319440121,6.891254724734087,12.429219289320113,16,null,136.11973571777344,0,1377338514000
52.23113319440056,6.8912547247367515,12.570960811881253,16,null,136.11973571777344,0,1377338515000
52.231133194400556,6.891254724736781,14.024115114618153,12,null,136.11973571777344,0,1377338516000
52.231132283876,6.8912530933804295,15.448688852475586,24,null,239.24513244628906,0.7566652894020081,1377338517000
52.231132313587494,6.891253181010511,15.600742453250083,24,null,239.24513244628906,0,1377338518000
52.23112603355889,6.891259544831487,17.146311226653584,24,null,163.39883422851562,0.8847250938415527,1377338519000
52.23111985213273,6.891264534162641,18.741539503032094,24,null,163.39883422851562,0,1377338520000
52.2311198693243,6.891264548753922,18.879246782875722,32,null,163.39883422851562,0,1377338521000
52.23111986944755,6.89126454892791,18.997777718964006,32,null,163.39883422851562,0,1377338522000
52.2311153372807,6.891271667219419,20.225423507687267,16,null,163.39883422851562,0,1377338523000
52.23111715566575,6.89128844616944,21.480700944292376,16,null,163.39883422851562,0,1377338524000
52.23111716461471,6.891288522106533,22.597273685883707,16,null,163.39883422851562,0,1377338525000
52.231109857121524,6.891297217352252,23.681593201351838,16,null,153.60205078125,0.80255126953125,1377338526000
52.228557,6.8964576,null,1050,null,null,null,1377338525590
52.23110986742813,6.8912972346569275,23.796579059418967,16,null,153.60205078125,0,1377338527000
52.23110594388552,6.89129918597564,24.963799392802514,24,null,153.60205078125,0,1377338528000
52.23110005404093,6.891304892886147,26.18653204141678,16,null,153.60205078125,0,1377338529000
52.23109563222541,6.891309866377751,27.62624717522385,16,null,153.60205078125,0,1377338530000
52.23109562612365,6.8913099065920855,27.757758527977984,16,null,153.60205078125,0,1377338531000
52.2310911535109,6.891314751121149,29.31422796475935,16,null,153.60205078125,0,1377338532000
52.231091161285725,6.891314806590781,29.468128428358295,12,null,153.60205078125,0,1377338533000
52.23109116136339,6.891314807301577,29.633948427834827,12,null,153.60205078125,0,1377338534000
52.231091161364525,6.8913148073092145,29.794939958545292,24,null,153.60205078125,0,1377338535000
52.23109116136454,6.891314807309294,29.955340776134843,24,null,153.60205078125,0,1377338536000
52.23109116136454,6.8913148073092945,30.115979601429583,24,null,153.60205078125,0,1377338537000
52.23109116136454,6.8913148073092945,30.276806759679292,12,null,153.60205078125,0,1377338538000
52.23109116136454,6.8913148073092945,31.935045595428196,12,null,153.60205078125,0,1377338539000
52.23109116136454,6.8913148073092945,32.09574278222645,6,null,153.60205078125,0,1377338540000
52.23109116136454,6.8913148073092945,32.25201003108825,12,null,153.60205078125,0,1377338541000
52.23109116136454,6.8913148073092945,32.41117960160837,12,null,153.60205078125,0,1377338542000
52.23109116136454,6.8913148073092945,32.57420800993605,16,null,153.60205078125,0,1377338543000
52.23109116136454,6.8913148073092945,32.738551732919476,16,null,153.60205078125,0,1377338544000
52.23109116136454,6.8913148073092945,32.90413595755718,16,null,153.60205078125,0,1377338545000
52.231095828838804,6.891330941317418,34.54948463789725,16,null,153.60205078125,0,1377338546000
52.228557,6.8964576,null,1050,null,null,null,1377338545614
52.231095862490946,6.891331062331891,34.704683797480826,12,null,153.60205078125,0,1377338547000
52.231099299984166,6.891337099735982,36.249983656584064,12,null,153.60205078125,0,1377338548000
52.231099323136014,6.891337130786561,37.83294522816298,16,null,153.60205078125,0,1377338549000
52.231099323443935,6.89133713118188,37.98571099253452,16,null,153.60205078125,0,1377338550000
52.2310993234491,6.891337131187631,38.137014810477915,24,null,153.60205078125,0,1377338551000
52.23109932344918,6.8913371311877185,38.28973905801039,24,null,153.60205078125,0,1377338552000
52.23109932344918,6.89133713118772,38.439509938289035,24,null,153.60205078125,0,1377338553000
52.23109932344918,6.89133713118772,38.59963848525783,12,null,153.60205078125,0,1377338554000
52.23109932344918,6.89133713118772,40.15618623159411,12,null,153.60205078125,0,1377338555000
52.23109932344918,6.89133713118772,41.74172475891766,24,null,153.60205078125,0,1377338556000
52.23109932344918,6.89133713118772,41.90015829132961,12,null,153.60205078125,0,1377338557000
52.23109932344918,6.89133713118772,43.48774951951497,16,null,153.60205078125,0,1377338558000
52.23109932344918,6.89133713118772,43.64074936530382,16,null,153.60205078125,0,1377338559000
52.23109851192375,6.891344500123146,45.14985547279789,16,null,153.60205078125,0,1377338560000
52.23109848375873,6.891344642039829,46.55229536873392,32,null,153.60205078125,0,1377338561000
52.231098890779805,6.891347592961531,47.86955237730375,24,null,153.60205078125,0,1377338562000
52.23109886869588,6.891347664482366,49.10876878809705,24,null,153.60205078125,0,1377338563000
52.231098868479236,6.891347665128297,49.228741265059796,16,null,153.60205078125,0,1377338564000
52.23109886847742,6.891347665133837,49.348168602345446,16,null,153.60205078125,0,1377338565000
52.23110737318078,6.891339909488226,50.44863965382401,24,null,321.3233642578125,1.3295202255249023,1377338566000
52.228557,6.8964576,null,1050,null,null,null,1377338565627
52.2311073662587,6.891339953863775,50.54988320651239,24,null,321.3233642578125,0,1377338567000
52.2311073662816,6.8913399541479325,50.65926533503137,24,null,321.3233642578125,0,1377338568000
52.231107366283744,6.891339954148975,50.768452326758165,24,null,321.3233642578125,0,1377338569000
52.23110736628379,6.891339954148968,50.8783277417144,16,null,321.3233642578125,0,1377338570000
52.23110736628379,6.891339954148968,50.99210867058074,16,null,321.3233642578125,0,1377338571000
52.23110736628379,6.891339954148968,51.11383169132281,16,null,321.3233642578125,0,1377338572000
52.23110736628379,6.891339954148968,51.2385327616972,16,null,321.3233642578125,0,1377338573000
52.23110736628379,6.891339954148968,51.36321327584834,16,null,321.3233642578125,0,1377338574000
52.23110736628379,6.891339954148968,51.49289690785736,16,null,321.3233642578125,0,1377338575000
52.23110736628379,6.891339954148968,51.62582542003209,16,null,321.3233642578125,0,1377338576000
52.23110736628379,6.891339954148968,51.759520402729656,24,null,321.3233642578125,0,1377338577000
52.23110736628379,6.891339954148968,51.89111426492673,16,null,321.3233642578125,0,1377338578000
52.23110736628379,6.891339954148968,52.022274450527505,24,null,321.3233642578125,0,1377338579000
52.23110736628379,6.891339954148968,52.156431034136475,16,null,321.3233642578125,0,1377338580000
52.23110736628379,6.891339954148968,52.28512821235155,16,null,321.3233642578125,0,1377338581000
52.23110736628379,6.891339954148968,52.41752866461818,24,null,321.3233642578125,0,1377338582000
52.23110736628379,6.891339954148968,52.54831971360941,24,null,321.3233642578125,0,1377338583000
52.23110736628379,6.891339954148968,52.675666312595915,24,null,321.3233642578125,0,1377338584000
52.23110736628379,6.891339954148968,52.799477515560916,16,null,321.3233642578125,0,1377338585000
52.23110736628379,6.891339954148968,52.91711663208247,24,null,321.3233642578125,0,1377338586000
52.228557,6.8964576,null,1050,null,null,null,1377338586044
52.23110736628379,6.891339954148968,53.029184342675904,24,null,321.3233642578125,0,1377338587000
52.23110736628379,6.891339954148968,53.13946171195691,24,null,321.3233642578125,0,1377338588000
52.23110736628379,6.891339954148968,53.24673532804584,8,null,321.3233642578125,0,1377338589000
52.23110736628379,6.891339954148968,53.35348425711726,16,null,321.3233642578125,0,1377338590000
52.23110736628379,6.891339954148968,53.45766434658326,16,null,321.3233642578125,0,1377338591000
52.23110736628379,6.891339954148968,53.55927996108361,16,null,321.3233642578125,0,1377338592000
52.23110736628379,6.891339954148968,53.65567378271916,16,null,321.3233642578125,0,1377338593000
52.23110736628379,6.891339954148968,53.74921606923455,12,null,321.3233642578125,0,1377338594000
52.23110736628379,6.891339954148968,53.84053567708964,12,null,321.3233642578125,0,1377338595000
52.23110736628379,6.891339954148968,53.93026187726314,24,null,321.3233642578125,0,1377338596000
52.23110736628379,6.891339954148968,54.01893483769047,24,null,321.3233642578125,0,1377338597000
52.23110736628379,6.891339954148968,54.11012388178819,16,null,321.3233642578125,0,1377338598000
52.23110736628379,6.891339954148968,54.19722307333881,16,null,321.3233642578125,0,1377338599000
52.23110736628379,6.891339954148968,54.28988875657773,16,null,321.3233642578125,0,1377338600000
52.23110736628379,6.891339954148968,54.37990107488395,16,null,321.3233642578125,0,1377338601000
52.23110736628379,6.891339954148968,54.46591346323215,16,null,321.3233642578125,0,1377338602000
52.23110736628379,6.891339954148968,54.54866774780966,16,null,321.3233642578125,0,1377338603000
52.23110736628379,6.891339954148968,54.635044463542634,16,null,321.3233642578125,0,1377338604000
52.23110736628379,6.891339954148968,54.72632671338731,16,null,321.3233642578125,0,1377338605000
52.23110736628379,6.891339954148968,54.81559263376593,16,null,321.3233642578125,0,1377338606000
52.228557,6.8964576,null,1050,null,null,null,1377338606178
52.23110736628379,6.891339954148968,54.89590256130408,16,null,321.3233642578125,0,1377338607000
52.23110736628379,6.891339954148968,54.9804449429826,16,null,321.3233642578125,0,1377338608000
52.23110736628379,6.891339954148968,55.06936386384182,16,null,321.3233642578125,0,1377338609000
52.23110736628379,6.891339954148968,55.1631537103651,16,null,321.3233642578125,0,1377338610000
52.23110736628379,6.891339954148968,55.26171244368752,32,null,321.3233642578125,0,1377338611000
52.23110736628379,6.891339954148968,55.3755998016128,32,null,321.3233642578125,0,1377338612000
52.23110736628379,6.891339954148968,55.48464659056928,16,null,321.3233642578125,0,1377338613000
52.23110736628379,6.891339954148968,55.588423045019496,24,null,321.3233642578125,0,1377338614000
52.23110736628379,6.891339954148968,55.692764363820466,24,null,321.3233642578125,0,1377338615000
52.23110736628379,6.891339954148968,55.795125458532226,24,null,321.3233642578125,0,1377338616000
52.23110736628379,6.891339954148968,55.894282386072206,24,null,321.3233642578125,0,1377338617000
52.23110736628379,6.891339954148968,55.98527492944938,24,null,321.3233642578125,0,1377338618000
52.23110736628379,6.891339954148968,56.081043896237134,32,null,321.3233642578125,0,1377338619000
52.23110736628379,6.891339954148968,56.175007363105394,32,null,321.3233642578125,0,1377338620000
52.23110736628379,6.891339954148968,56.25675102868366,32,null,321.3233642578125,0,1377338621000
52.23110736628379,6.891339954148968,56.34092477769738,32,null,321.3233642578125,0,1377338622000
52.23110736628379,6.891339954148968,57.23616877662951,32,null,321.3233642578125,0,1377338623000
52.23110736628379,6.891339954148968,57.34294413292347,24,null,321.3233642578125,0,1377338624000
52.23112396562004,6.891331272081758,58.62165502453716,24,null,321.3233642578125,0,1377338625000
52.23112413792286,6.891331176157233,59.9133706942713,32,null,321.3233642578125,0,1377338626000
52.228557,6.8964576,null,1050,null,null,null,1377338626244
52.23112413857206,6.891331175806598,61.01788118838157,24,null,321.3233642578125,0,1377338627000
52.23112413857844,6.8913311758033595,61.961138718602136,24,null,321.3233642578125,0,1377338628000
52.231123560129376,6.891336277924623,62.77461031970601,24,null,143.025390625,1.4892908334732056,1377338629000
52.23112927582532,6.891332798704288,63.511222189437035,16,null,158.19239807128906,1.1742159128189087,1377338630000
52.23112940810227,6.8913327134328535,64.30377331168036,16,null,158.19239807128906,0,1377338631000
52.231129143925095,6.891318418674886,65.09566836813114,16,null,246.10484313964844,0.9725925922393799,1377338632000
52.231123876408915,6.891304880644681,65.9175160810311,16,null,212.59420776367188,1.1959701776504517,1377338633000
52.231117610677025,6.891283524303434,66.72257130907182,16,null,217.7571563720703,1.4301402568817139,1377338634000
52.23111337543372,6.89126389518474,67.48410925982596,16,null,214.15390014648438,1.4549145698547363,1377338635000
52.23111650526048,6.8912454643988506,68.21441784094917,16,null,230.6832733154297,1.3781442642211914,1377338636000
52.231135868362614,6.891213109606792,68.96866434789052,16,null,221.58843994140625,0,1377338637000
52.23114715304969,6.891159554781732,69.69287191548145,24,null,233.99081420898438,1.456058144569397,1377338638000
52.23115084014156,6.891095517073521,70.41448165443349,16,null,242.1356201171875,1.6403316259384155,1377338639000
52.23114961902723,6.89105771758761,71.06091646339735,16,null,241.4798126220703,1.665407419204712,1377338640000
52.23115145085281,6.891001398296927,71.68373693035554,16,null,242.41094970703125,1.742053508758545,1377338641000
52.231149118204996,6.890928248591586,72.29189259525826,24,null,245.5093994140625,1.8503413200378418,1377338642000
52.23114551879697,6.8908271706338855,72.91592763987856,24,null,243.9209747314453,1.9478003978729248,1377338643000
52.23114803720126,6.89075023955665,73.56891807746733,24,null,271.1896667480469,2.0569636821746826,1377338644000
52.231146061288925,6.890659728340821,80.72059236869737,24,null,258.0794372558594,2.2657413482666016,1377338645000
52.23114249951249,6.890593187927917,81.28708576236436,12,null,254.35777282714844,2.3629140853881836,1377338646000
52.2314135,6.8916676,null,1050,null,null,null,1377338646270
52.23113947278572,6.8905315428849265,81.90030679596941,16,null,255.45635986328125,2.408632516860962,1377338647000
52.231143661447994,6.890474428739295,82.43771480495717,24,null,264.7125244140625,2.431488275527954,1377338648000
52.23115509364633,6.890439266904119,82.98422660314124,16,null,259.9869689941406,2.4520585536956787,1377338649000
52.23116161114496,6.890392822848406,83.52881556392367,16,null,267.77752685546875,2.571589469909668,1377338650000
52.23116746971061,6.890367086293974,84.0069335450107,12,null,264.3597412109375,2.6791675090789795,1377338651000
52.23116583887064,6.890345295493097,84.43025500469022,12,null,260.7138671875,2.6821069717407227,1377338652000
52.23115761107969,6.890337623213484,84.85279166813508,16,null,252.07003784179688,null,1377338653000
52.231153440887375,6.890314245259352,85.30127717692787,16,null,258.1315612792969,2.6460824012756348,1377338654000
52.23115322229693,6.890302664157163,85.8110603584921,16,null,254.60374450683594,null,1377338655000
52.23114895761717,6.890294128492896,86.16822264154649,12,null,230.77037048339844,null,1377338656000
52.23112914388932,6.890283762730939,86.46840012040965,24,null,197.37159729003906,2.3660831451416016,1377338657000
52.23110028561848,6.890272361638001,86.68760639692191,12,null,216.70492553710938,2.3627877235412598,1377338658000
52.23106800469689,6.890284659292046,86.92700351229382,12,null,169.60874938964844,2.3798670768737793,1377338659000
52.23103789767058,6.890302357650642,87.1028940750954,12,null,174.84873962402344,2.403054714202881,1377338660000
52.2310095138919,6.890318226203989,87.24840784859576,12,null,172.97006225585938,2.345824718475342,1377338661000
52.230972336524786,6.890351337975394,87.33861127716155,12,null,148.92311096191406,2.3896656036376953,1377338662000
52.23093460059056,6.89035489682522,87.41462152940585,12,null,193.52439880371094,2.4409587383270264,1377338663000
52.23091066997904,6.890349906203791,87.48092511854523,16,null,208.55496215820312,2.3933329582214355,1377338664000
52.23089351333386,6.890338257390897,87.58716110021962,16,null,191.9021759033203,2.3504700660705566,1377338665000
52.23089262226134,6.890306342303854,87.62572319196933,16,null,218.2345733642578,2.3193960189819336,1377338666000
52.2296864,6.8917724,null,1092,null,null,null,1377338666301
52.23089360076595,6.890260253091498,87.65975302898165,12,null,259.9673767089844,2.3648569583892822,1377338667000
52.23088783376501,6.890208452957356,87.77171033259287,16,null,250.62445068359375,2.4913103580474854,1377338668000
52.23088299227149,6.890161461637807,87.90511421319717,8,null,253.38099670410156,2.561272382736206,1377338669000
52.230883614530015,6.890103596615916,88.04011185792295,24,null,265.5077209472656,2.684331178665161,1377338670000
52.230880398423295,6.890041844263382,89.50947875644675,16,null,260.41656494140625,2.8387136459350586,1377338671000
52.230881580011406,6.889984137030919,89.6089299220099,16,null,264.7656555175781,2.925377368927002,1377338672000
52.23088004315019,6.889924571798429,89.8249592046633,24,null,260.3491516113281,3.0171546936035156,1377338673000
52.23088053037539,6.889873433176519,90.09640714587724,16,null,264.1635437011719,3.050875663757324,1377338674000
52.230882753066396,6.889826168045621,90.28962890159127,8,null,264.333251953125,3.043865919113159,1377338675000
52.230879100879086,6.88977415740328,90.43600513011181,8,null,251.74913024902344,3.0801663398742676,1377338676000
52.230882546701125,6.889719188058543,90.52960286140275,12,null,251.74913024902344,3.1128368377685547,1377338677000
52.2308838391614,6.889664894146677,90.66063179827496,12,null,253.95619201660156,3.127469062805176,1377338678000
52.2308894756658,6.8896020252996175,91.87027818981154,12,null,267.03228759765625,3.226006031036377,1377338679000
52.230891870485586,6.889561458370667,92.05336521303299,12,null,265.65081787109375,3.1801366806030273,1377338680000
52.230889881576466,6.889515717027106,92.22500248996037,12,null,256.3377685546875,3.167379140853882,1377338681000
52.23088353792896,6.889460646472649,92.4024686556482,12,null,256.4916076660156,3.2375295162200928,1377338682000
52.230876009841964,6.889414837300636,92.57972978095684,8,null,250.9123992919922,3.258411407470703,1377338683000
52.230868572518936,6.889368124656996,92.7315940698357,12,null,250.9123992919922,3.277204990386963,1377338684000
52.230865907025056,6.889317420084515,92.83958452800512,16,null,257.2486572265625,3.27553391456604,1377338685000
52.23085977409988,6.889264606360793,92.94723566384945,12,null,253.00047302246094,3.290353536605835,1377338686000
52.2273947,6.8942198,null,1194,null,null,null,1377338686323
52.23085171028578,6.889215853815994,92.93578593338283,16,null,251.2284393310547,3.3395330905914307,1377338687000
52.23084695976305,6.889141689225673,91.55861389969517,8,null,259.8938293457031,3.4936211109161377,1377338688000
52.2308431335799,6.889095028554817,91.40389820841601,16,null,262.328369140625,3.4265377521514893,1377338689000
52.23083555378814,6.889041133059039,91.24527156506288,16,null,260.785888671875,3.3661627769470215,1377338690000
52.23082864900055,6.888986140414213,91.00868538835327,12,null,254.9205322265625,3.234534978866577,1377338691000
52.230819375904304,6.888918205494049,90.7776632610597,12,null,258.7489929199219,3.116070032119751,1377338692000
52.23078417067473,6.888865657727026,90.49542132751361,12,null,211.37794494628906,3.20945143699646,1377338693000
52.23073858298784,6.888835383634976,86.79679657738365,12,null,191.5638427734375,3.323829412460327,1377338694000
52.2306928861988,6.888820205911813,84.46455740505971,12,null,182.68785095214844,3.415043592453003,1377338695000
52.230645482636355,6.888829150832387,82.62297050258377,12,null,166.52157592773438,3.541752338409424,1377338696000
52.23059363736286,6.88884574390835,81.39419541596075,16,null,166.52157592773438,3.655790090560913,1377338697000
52.23054547218298,6.888859061098627,80.7723030032571,16,null,161.96609497070312,3.7196357250213623,1377338698000
52.23049259960807,6.888878203523295,80.37484659987958,16,null,161.96609497070312,3.777096748352051,1377338699000
52.23045589687722,6.888908375289948,80.33318583258878,16,null,157.5762176513672,3.764319896697998,1377338700000
52.23042749013609,6.888947807190243,80.38207305466354,12,null,151.24090576171875,3.7085578441619873,1377338701000
52.230400599023405,6.888989773062232,80.49168897303781,12,null,146.41766357421875,3.6547787189483643,1377338702000
52.23036523952372,6.889016228021536,80.62278818744883,12,null,151.25828552246094,3.653745174407959,1377338703000
52.23031918027524,6.889021648051503,82.14873397863127,12,null,170.63162231445312,3.718158721923828,1377338704000
52.23027986264705,6.8890299300131,82.25534509889587,24,null,168.3319091796875,3.7217941284179688,1377338705000
52.230235233835366,6.889036172944301,82.28318198988387,16,null,163.24420166015625,3.7124457359313965,1377338706000
52.2301881229654,6.889040833509171,82.28377770917405,16,null,160.1628875732422,3.7340168952941895,1377338707000
52.2285976,6.8923425,null,1194,null,null,null,1377338706476
52.23013582952905,6.889037152953253,82.30722717254578,12,null,160.1628875732422,3.7534308433532715,1377338708000
52.230098000024256,6.889039198580879,82.34675299474912,16,null,166.8223114013672,3.732149124145508,1377338709000
52.23005964322359,6.889042405818852,82.38072620329395,16,null,166.8223114013672,3.7129955291748047,1377338710000
52.23001800407379,6.889055302781276,82.37099333464913,12,null,157.95538330078125,3.7430739402770996,1377338711000
52.22996614616967,6.889074316992539,82.35626871898965,12,null,158.60960388183594,3.8763070106506348,1377338712000
52.22991873408296,6.889091942554861,81.8421910468783,12,null,161.08668518066406,3.9548580646514893,1377338713000
52.22986635943123,6.889096936752373,81.98433848751311,16,null,161.08668518066406,4.025554180145264,1377338714000
52.22982793726449,6.889110519922193,82.21028999255803,16,null,158.4284210205078,4.086780071258545,1377338715000
52.22978880441252,6.889118511969611,81.383618962191,24,null,164.14077758789062,4.10150671005249,1377338716000
52.22974996453556,6.889135112614977,80.31231165384798,24,null,162.5085906982422,4.157736778259277,1377338717000
52.229710501566636,6.889163363586532,80.51590745608142,16,null,158.9365692138672,4.212405681610107,1377338718000
52.22966588268566,6.889208863411564,81.73089897135029,16,null,152.02786254882812,4.304523944854736,1377338719000
52.2296294192403,6.8892337054140995,81.74915800797915,16,null,159.1654510498047,4.224588871002197,1377338720000
52.22958859984869,6.889248966452427,81.75296791394864,16,null,166.175537109375,4.186349391937256,1377338721000
52.229537716959115,6.889269403775379,81.72040027923352,12,null,162.96702575683594,4.280386924743652,1377338722000
52.22949172539011,6.889296202323768,82.02078232866668,12,null,159.40696716308594,4.380611896514893,1377338723000
52.22945086740203,6.889318818155764,82.36634273712137,12,null,161.1603240966797,4.4708147048950195,1377338724000
52.22942323159938,6.889325715244244,82.38316037400448,12,null,163.29681396484375,4.376881122589111,1377338725000
52.22939195876414,6.889339922519521,82.41727239075715,12,null,162.46054077148438,4.323920249938965,1377338726000
52.2285976,6.8923425,null,1194,null,null,null,1377338726369
52.229366155895946,6.889349917490033,82.4672547161355,12,null,158.5428009033203,4.193164825439453,1377338727000
52.229332590473895,6.8893689887475675,82.51152297721627,12,null,161.33804321289062,4.164190769195557,1377338728000
52.229299928020964,6.889386245568895,82.51501480800684,12,null,160.5706329345703,4.1139678955078125,1377338729000
52.229270943345334,6.88940429188803,82.51079204406653,12,null,155.79283142089844,4.044862747192383,1377338730000
52.2292371453233,6.889415231390194,82.40818190433725,16,null,166.26527404785156,4.021153450012207,1377338731000
52.22919806143489,6.8894279878769495,82.33696249134573,16,null,161.30853271484375,3.999814987182617,1377338732000
52.229164541054146,6.889458780553747,82.24844129157775,12,null,148.173828125,3.9858710765838623,1377338733000
52.22912621534667,6.889491629294361,81.94397054034208,12,null,151.5010223388672,4.02765417098999,1377338734000
52.22908103407255,6.889514158761089,81.9830600007722,12,null,161.42779541015625,4.12018346786499,1377338735000
52.22904178622149,6.889523119410156,81.83414622669213,12,null,164.0065460205078,4.132114887237549,1377338736000
52.22900732356489,6.8895329869475,81.79875043274146,16,null,162.2571563720703,4.102031230926514,1377338737000
52.22897953192351,6.8895427929137805,81.68898546371572,24,null,162.97543334960938,4.040186882019043,1377338738000
52.228953655793866,6.889554877986517,81.59521216634855,12,null,157.87774658203125,3.983569383621216,1377338739000
52.228923851078136,6.889570725628455,81.46829208627075,12,null,158.3713836669922,3.990172863006592,1377338740000
52.228891210395524,6.889595411315529,81.36190901312486,24,null,152.1163330078125,3.9989216327667236,1377338741000
52.22885969342161,6.889614441827192,81.21065976648899,12,null,160.78945922851562,3.965405225753784,1377338742000
52.228836826858306,6.889634286888258,81.08744745576202,12,null,158.0386505126953,3.9352405071258545,1377338743000
52.22881743425506,6.8896629979874415,80.93974337242302,16,null,134.5675811767578,3.8146636486053467,1377338744000
52.22878693219651,6.889678727793994,80.75310169172764,12,null,153.58969116210938,3.7413439750671387,1377338745000
52.22874560343525,6.889696291300421,80.66931017227043,16,null,159.8345489501953,3.76668119430542,1377338746000
52.2285976,6.8923425,null,1194,null,null,null,1377338746394
52.22870101490313,6.889714332530464,80.59859828282542,16,null,157.11549377441406,3.789484739303589,1377338747000
52.22866446815359,6.889727664651115,80.45141034567646,12,null,161.1025848388672,3.8053011894226074,1377338748000
52.22863223611748,6.889717477322406,80.36629336702617,12,null,189.71597290039062,3.7427237033843994,1377338749000
52.22859581819487,6.889696335986917,80.32551023714174,12,null,199.9149627685547,3.726224422454834,1377338750000
52.22856177301032,6.889671762562669,80.16805852834878,12,null,204.42752075195312,3.714012861251831,1377338751000
52.22852732963349,6.88963664317615,80.01355108874732,24,null,210.75379943847656,3.7201521396636963,1377338752000
52.22850441522657,6.889589773237507,79.87194607117677,24,null,232.7932891845703,3.754267454147339,1377338753000
52.22848945963309,6.889537289775768,79.84599518906863,32,null,247.31016540527344,3.78890061378479,1377338754000
52.228478115076086,6.889494196761461,79.79014214603691,12,null,247.31236267089844,3.7214059829711914,1377338755000
52.22846444250552,6.889445164879977,79.69197840036173,16,null,240.5652618408203,3.660660743713379,1377338756000
52.22844745282003,6.88937922428886,78.46959108627466,12,null,242.89866638183594,3.724050998687744,1377338757000
52.22843472023398,6.889315780590576,78.32038800609325,16,null,245.3246612548828,3.739995002746582,1377338758000
52.22841840954482,6.889270242122704,78.24423851282079,16,null,241.41783142089844,3.6957075595855713,1377338759000
52.22839657081628,6.889208405393049,78.41517039610784,16,null,240.58995056152344,3.7808468341827393,1377338760000
52.2283725656145,6.889140247095922,77.95127989641114,16,null,240.49913024902344,3.9176950454711914,1377338761000
52.228346650411716,6.889084706612873,77.48649061354804,24,null,232.46742248535156,3.982178211212158,1377338762000
52.22833098538045,6.8890207737473155,76.88651695605148,16,null,242.43319702148438,4.035952091217041,1377338763000
52.22831798821697,6.888950812601652,76.21654384461402,12,null,242.43319702148438,4.084348201751709,1377338764000
52.228300770648566,6.8888911168622755,76.25567805399446,12,null,236.97137451171875,4.0640177726745605,1377338765000
52.228275163175,6.888839710593733,76.45638545372765,12,null,229.64599609375,4.0890936851501465,1377338766000
52.2285976,6.8923425,null,1194,null,null,null,1377338766418
52.22825340807077,6.888783925860547,77.10469560981113,12,null,237.5599822998047,4.127223968505859,1377338767000
52.2282334367321,6.888732789386123,77.18407787510145,16,null,236.00157165527344,4.103855133056641,1377338768000
52.228211208837934,6.888680706953541,77.3234387631838,16,null,239.29501342773438,4.094051361083984,1377338769000
52.22818230056912,6.8886287230281145,77.44705899722521,16,null,239.29501342773438,4.085228443145752,1377338770000
52.22816018547472,6.888568175388625,78.22186850449086,16,null,249.39222717285156,4.112639427185059,1377338771000
52.228138120872146,6.888499842570206,78.72584075655165,16,null,247.4381561279297,4.169132232666016,1377338772000
52.22811412053185,6.88843885971128,79.3313539988221,16,null,239.91323852539062,4.206353664398193,1377338773000
52.22809719922844,6.888378487716612,78.96756716076618,12,null,242.72348022460938,4.222115993499756,1377338774000
52.22807794689758,6.888309623258472,79.54480818187118,12,null,241.880859375,4.278190612792969,1377338775000
52.22805749349364,6.888228239327792,78.92005608893761,24,null,242.72348022460938,4.328658103942871,1377338776000
52.22802508868405,6.888154768306534,78.81938269829612,12,null,235.3162841796875,4.4394450187683105,1377338777000
52.227999060893055,6.888085834715607,79.70243716725474,12,null,239.0132293701172,4.442922592163086,1377338778000
52.22797131007696,6.888031985293989,79.79843620049218,16,null,229.0186004638672,4.370675563812256,1377338779000
52.2279418849375,6.887967559164111,80.00662976458437,24,null,230.06741333007812,4.403837203979492,1377338780000
52.22791528556289,6.8878799440583105,80.57871491174147,16,null,240.89712524414062,4.514037609100342,1377338781000
52.22788853433622,6.8878057579018295,80.98268653236771,16,null,235.78794860839844,4.53478479385376,1377338782000
52.22786799950047,6.8877355921358605,80.15205226519696,16,null,242.37576293945312,4.505489349365234,1377338783000
52.22784425053071,6.887647518075984,79.33710476237079,12,null,240.2792510986328,4.479123115539551,1377338784000
52.22782767030915,6.887570141553181,78.15617776091747,12,null,244.0274658203125,4.528848648071289,1377338785000
52.227811604408366,6.887487001294381,77.33549443996839,12,null,243.03907775878906,4.626007556915283,1377338786000
52.22780183888138,6.88741350256769,76.86925000218233,12,null,252.19593811035156,4.6501593589782715,1377338787000
52.2285976,6.8923425,null,1194,null,null,null,1377338786866
52.227787010362846,6.8873585426983235,75.79106244861504,24,null,241.02227783203125,4.633302688598633,1377338788000
52.22776846543353,6.88729603847168,74.70873135515419,16,null,241.57044982910156,4.691863536834717,1377338789000
52.2277558419226,6.887223743963282,73.8846220251736,16,null,251.95059204101562,4.766071319580078,1377338790000
52.22773989861997,6.887151536631469,73.21921961071524,16,null,246.61016845703125,4.8166022300720215,1377338791000
52.227728768972455,6.887087062365024,72.57033996176162,12,null,251.30001831054688,4.785154342651367,1377338792000
52.22771810579663,6.887011868252054,72.43966876205083,12,null,254.3058319091797,4.8364481925964355,1377338793000
52.22770473504675,6.886933580476024,71.46690047141456,12,null,251.3372344970703,4.89631986618042,1377338794000
52.22769505591963,6.886852439982448,71.2446907363437,12,null,251.3372344970703,4.950204849243164,1377338795000
52.22768876851643,6.886785666135179,71.3318388204843,12,null,256.0620422363281,4.906116485595703,1377338796000
52.22767572833081,6.886719800296443,70.85987644130398,12,null,252.34121704101562,4.855052471160889,1377338797000
52.22765691105859,6.886647287846987,71.90897714861899,12,null,254.31240844726562,4.8090949058532715,1377338798000
52.22763919964617,6.8865709226266825,71.99975731280492,16,null,250.1025848388672,4.827946662902832,1377338799000
52.227629529706434,6.886504551546294,72.3006324327935,16,null,252.13641357421875,4.844913005828857,1377338800000
52.227624078908825,6.886443771123183,72.15726445482014,16,null,251.17050170898438,4.79739236831665,1377338801000
52.227613675338546,6.886381575532359,72.27484388318616,16,null,248.17910766601562,4.79937219619751,1377338802000
52.22760467518728,6.886311059530275,72.08290206603237,16,null,248.17910766601562,4.801153659820557,1377338803000
52.22758950258032,6.886236376957127,71.76557038918952,12,null,249.76107788085938,4.820051193237305,1377338804000
52.227570124368505,6.886158089603258,70.86777205914285,12,null,248.98403930664062,4.837059020996094,1377338805000
52.2275565995146,6.8860912092914575,69.4381999077598,12,null,249.3633575439453,4.8209733963012695,1377338806000
52.22754008145977,6.886013392316841,67.97012541987404,12,null,250.72238159179688,4.905440807342529,1377338807000
52.2287354,6.8890543,null,1092,null,null,null,1377338806882
52.227527781507305,6.885931189824408,66.27979629960082,16,null,253.848388671875,4.9468793869018555,1377338808000
52.2275107243238,6.885858777259916,65.19138718223823,12,null,246.2715301513672,4.951786994934082,1377338809000
52.22749363463378,6.885785774042002,64.0209197090671,16,null,250.75379943847656,4.966794490814209,1377338810000
52.22747431072045,6.885746496429592,63.86379695573313,16,null,234.536376953125,4.771951198577881,1377338811000
52.227445779995364,6.8856890948158425,61.68653748027209,16,null,227.8142547607422,4.763099670410156,1377338812000
52.22740075551045,6.885653280071638,61.13604627686782,16,null,207.7533721923828,4.800189971923828,1377338813000
52.22735732284745,6.8856474360813005,61.096533729896976,16,null,186.37579345703125,4.735595226287842,1377338814000
52.22731532069297,6.885663729501044,61.09309601103789,16,null,167.62705993652344,4.678650379180908,1377338815000
52.22727892751406,6.8856763042450275,61.137540752802806,16,null,171.44117736816406,4.554894924163818,1377338816000
52.22724951660146,6.885696014444723,61.21190401502635,16,null,168.39479064941406,4.386575698852539,1377338817000
52.22721138962666,6.885719249323336,61.311135505728494,16,null,173.9564971923828,4.235087871551514,1377338818000
52.22717070389603,6.885753785887713,61.32757543171354,16,null,164.64865112304688,4.155420303344727,1377338819000
52.2271309034909,6.885791465389411,61.362503892885066,16,null,159.8809814453125,4.115781784057617,1377338820000
52.22710430239475,6.8858353260275456,61.310741759058416,32,null,134.0593719482422,4.012480735778809,1377338821000
52.227073130392306,6.885873496699728,61.238007443303985,16,null,146.95167541503906,3.987485647201538,1377338822000
52.22705666493128,6.885890012928812,61.181996600593784,16,null,143.82232666015625,3.7259228229522705,1377338823000
52.227042255382216,6.885904667878871,61.13107171200895,24,null,141.9167938232422,0,1377338824000
52.22703128617363,6.88593673965482,61.02586234740899,24,null,129.73451232910156,3.3610408306121826,1377338825000
52.227023834352046,6.885968520336196,60.95174981392495,16,null,120.6412124633789,3.236607789993286,1377338826000
52.227015429059456,6.886003059147573,60.91938414805758,16,null,113.88125610351562,3.1260480880737305,1377338827000
52.2301667,6.8855006,null,928,null,null,null,1377338826955
52.22700711127444,6.886030430887906,60.93259292269118,16,null,110.59870147705078,3.0110843181610107,1377338828000
52.22699838359783,6.886040634711708,60.858710550596044,32,null,111.89542388916016,2.8175911903381348,1377338829000
52.22698888424866,6.886051466969832,60.794975713289155,16,null,114.62117767333984,2.6389622688293457,1377338830000
52.22698818502875,6.88605271421166,60.78805803690605,16,null,114.62117767333984,0,1377338831000
52.22698789739117,6.886052870924676,60.78365647730979,16,null,114.62117767333984,0,1377338832000
52.226987765815295,6.88605272402696,60.77880314984137,24,null,114.62117767333984,0,1377338833000
52.22697875045252,6.886068638384204,60.87789510363048,24,null,114.62117767333984,0,1377338834000
52.226977821813605,6.886070090035751,60.89395618135578,48,null,114.62117767333984,0,1377338835000
52.22697747737056,6.886070333235582,60.915551515337455,32,null,114.62117767333984,0,1377338836000
52.22697722979573,6.8860702614443445,60.94470713135753,16,null,114.62117767333984,0,1377338837000
52.226977229870435,6.8860702526135595,60.95981650728005,16,null,114.62117767333984,0,1377338838000
52.22697768812996,6.886067009091613,60.97984473243112,24,null,114.62117767333984,0,1377338839000
52.226977693968664,6.886066970233874,60.99628860853032,16,null,114.62117767333984,0,1377338840000
52.226977694043484,6.886066969766839,61.01960115509593,16,null,114.62117767333984,0,1377338841000
52.22697816091559,6.886064905397688,61.033192859235584,16,null,114.62117767333984,0,1377338842000
52.226979132399286,6.8860619557241805,61.051104622910465,16,null,114.62117767333984,0,1377338843000
52.22697767866965,6.8860641354506384,61.34816312751398,12,null,114.62117767333984,0,1377338844000
52.22697637449663,6.886065673289982,61.659527413556205,24,null,114.62117767333984,0,1377338845000
52.22697639003968,6.886065618636203,61.70082158569219,24,null,114.62117767333984,0,1377338846000
52.22697641690567,6.886064714415422,62.13247417142385,16,null,114.62117767333984,0,1377338847000
52.2234493,6.8908667,null,928,null,null,null,1377338846974
52.22697609701378,6.88606221104192,62.52690236037243,12,null,114.62117767333984,0,1377338848000
52.22697607754435,6.886062111413172,63.08013327825637,16,null,114.62117767333984,0,1377338849000
52.226976077335706,6.88606211024262,63.585379952357826,16,null,114.62117767333984,0,1377338850000
52.22698678778781,6.886058688399804,64.20289317647824,16,null,35.677303314208984,1.3969918489456177,1377338851000
52.2269867888661,6.886058531219291,64.80913362899078,12,null,35.677303314208984,0,1377338852000
52.22699237855616,6.886052335156796,64.86737910032289,12,null,35.677303314208984,0,1377338853000
52.22699244984131,6.886052258374097,65.41114547373402,8,null,35.677303314208984,0,1377338854000
52.22699245067302,6.8860522574479965,65.45554064223698,24,null,35.677303314208984,0,1377338855000
52.22699245068202,6.886052257437802,65.49149247688973,12,null,35.677303314208984,0,1377338856000
52.22699245068213,6.886052257437677,65.52848539916047,8,null,35.677303314208984,0,1377338857000
52.22699245068213,6.886052257437675,65.87251513062175,12,null,35.677303314208984,0,1377338858000
52.22699245068213,6.886052257437675,65.89584920700469,16,null,35.677303314208984,0,1377338859000
52.22699245068213,6.886052257437675,66.05116393862166,16,null,35.677303314208984,0,1377338860000
52.22699245068213,6.886052257437675,66.13925168497816,16,null,35.677303314208984,0,1377338861000
52.22699245068213,6.886052257437675,66.14200368519472,8,null,35.677303314208984,0,1377338862000
52.22699245068213,6.886052257437675,66.14523767218522,12,null,35.677303314208984,0,1377338863000
52.22699245068213,6.886052257437675,66.15180948358355,8,null,35.677303314208984,0,1377338864000
52.2223821,6.8940497,null,1053,null,null,null,1377338866999
52.22699209942094,6.886038892019409,66.29706653419616,16,null,35.677303314208984,0,1377338868000
52.226992099421,6.886038892019276,66.30794383693814,12,null,35.677303314208984,0,1377338870000
52.226992099421,6.886038892019276,66.31624672180439,8,null,35.677303314208984,0,1377338871000
52.2223821,6.8940497,null,1053,null,null,null,1377338887027
52.22698241440534,6.886010102247667,68.07660727264535,16,null,35.677303314208984,0,1377338888000
52.22698241440534,6.886010102247667,68.10070497874044,12,null,35.677303314208984,0,1377338889000
52.22702025795136,6.885924010669329,69.26899886193694,8,null,40.18887710571289,0,1377338905000
52.2223821,6.8940497,null,1053,null,null,null,1377338907150
52.227010744567906,6.885903303214302,69.54064610703547,32,null,40.18887710571289,0,1377338908000
52.227017024851854,6.8858840584948995,69.55888751834722,16,null,40.18887710571289,0,1377338909000
52.22701582819308,6.885877041285777,69.89798162240112,12,null,40.18887710571289,0,1377338917000
52.2270158281921,6.885877041278621,70.0494536741387,8,null,40.18887710571289,0,1377338920000
52.2223821,6.8940497,null,1053,null,null,null,1377338927194
52.2270158281921,6.885877041278621,70.59683703335243,16,null,40.18887710571289,0,1377338928000
52.2270158281921,6.885877041278621,70.68483032995576,12,null,40.18887710571289,0,1377338929000
52.2223821,6.8940497,null,1053,null,null,null,1377338947217
52.22704611869584,6.885840927971762,76.93263978474491,16,null,40.18887710571289,0,1377338948000
52.22705495300026,6.885819091144206,78.18347353811842,12,null,40.18887710571289,0,1377338951000
52.2223821,6.8940497,null,1053,null,null,null,1377338967252
52.22697585940591,6.885874123891826,80.95846391817514,12,null,133.24159240722656,0,1377338968000
52.22687964698754,6.885999965214116,81.07115098147916,12,null,107.73822021484375,1.777348279953003,1377338973000
52.22680129626488,6.886085413962263,81.34912910500373,16,null,126.06409454345703,1.8866246938705444,1377338976000
52.226741427899526,6.886201601541882,81.73144752896893,16,null,121.86524963378906,2.0229249000549316,1377338978000
52.226699250489716,6.886301101710383,82.03384413617303,12,null,119.96671295166016,2.157759666442871,1377338980000
52.22664109179905,6.8864687172955845,82.78763194746536,16,null,120.82817840576172,2.3989553451538086,1377338984000
52.22656873796538,6.886585519367436,83.5336280025427,16,null,122.05583953857422,2.4680886268615723,1377338987000
52.2223821,6.8940497,null,1053,null,null,null,1377338987375
52.22654442241179,6.886617788056461,83.72055400801106,12,null,125.45863342285156,2.53940486907959,1377338988000
52.22649279008855,6.886710979224557,86.52534744139393,12,null,122.06478881835938,2.8824141025543213,1377338990000
52.22642143058489,6.886751723676117,87.2005609723282,12,null,144.20616149902344,2.881324291229248,1377338993000
52.22638818028724,6.886832520130564,87.18658594866861,12,null,122.40788269042969,2.8181841373443604,1377338995000
52.22636335826174,6.886868489693719,87.1637365624361,8,null,132.39988708496094,2.8174147605895996,1377338996000
52.226310603532895,6.886948921614905,86.87098047498867,12,null,141.49911499023438,1.346110224723816,1377339001000
52.22623774903566,6.887011199636824,86.31483473859937,12,null,145.58267211914062,1.1459410190582275,1377339006000
52.2223821,6.8940497,null,1053,null,null,null,1377339007348
52.2261847614176,6.887006626461997,86.06891394280953,12,null,179.9895477294922,1.4371839761734009,1377339008000
52.22609354368237,6.88694134308651,84.79682238688672,12,null,192.89732360839844,2.100980520248413,1377339011000
52.225997608756124,6.886882833715415,84.5874929485456,8,null,195.82371520996094,2.6742212772369385,1377339014000
52.22592461255573,6.886842993199593,83.77121905901409,12,null,196.14944458007812,2.9922525882720947,1377339016000
52.22581456330633,6.886796837305168,82.96671789136539,16,null,192.93601989746094,3.341857671737671,1377339019000
52.22577357928488,6.886781961338931,82.9030121613689,12,null,195.11257934570312,3.4806785583496094,1377339020000
52.22569565369653,6.886745673197716,82.33035153001882,12,null,199.22352600097656,3.6775128841400146,1377339022000
52.22557334295528,6.886671678085958,83.25818802811554,12,null,199.75416564941406,3.874171257019043,1377339025000
52.22552832856992,6.886648471430543,84.18225710477756,8,null,195.34034729003906,3.979985237121582,1377339026000
52.2254489186177,6.886608186467958,85.12140257932211,8,null,200.61807250976562,4.093512058258057,1377339028000
52.225369757312436,6.886556009212063,86.36486607119285,8,null,197.06178283691406,4.215324401855469,1377339030000
52.225281964013725,6.886508273774333,87.7225330733126,8,null,196.06532287597656,4.347334861755371,1377339032000
52.225192680149874,6.886465014636809,88.16480732463945,12,null,191.6972198486328,4.464122295379639,1377339034000
52.225124271505685,6.886406222344185,87.83405369268831,12,null,206.750732421875,4.423168659210205,1377339036000
52.22505096705268,6.8863461674892195,87.71682032766512,12,null,202.84603881835938,4.478734970092773,1377339038000
52.225013165255106,6.886315995831374,87.20441204977473,8,null,205.86480712890625,4.510951042175293,1377339039000
52.22493716465418,6.88624566795338,85.92985344799068,12,null,205.26319885253906,4.557403564453125,1377339041000
52.22486055451262,6.886181093035089,84.38027684472131,8,null,208.88137817382812,4.59182596206665,1377339043000
52.2247794063645,6.886130602673269,84.59800329863006,12,null,201.18353271484375,4.605295658111572,1377339045000
52.2247077374019,6.8860843998859815,84.98420376238715,12,null,206.99826049804688,4.547361850738525,1377339047000
52.224671508238224,6.886051941372487,85.45090742946641,6,null,209.4114227294922,4.545897960662842,1377339048000
52.2246035575841,6.885987341577266,87.07986911342243,8,null,204.23056030273438,4.51708459854126,1377339050000
52.22453816157113,6.88593649660065,88.11511459644939,12,null,204.9609832763672,4.468832969665527,1377339052000
52.22447818082916,6.885878387165636,88.13536468623236,12,null,206.43984985351562,4.404007434844971,1377339054000
52.22440401471489,6.885825190227504,87.8221788840566,12,null,195.31199645996094,4.047410011291504,1377339057000
52.224332291735024,6.885776565352849,87.38210223698611,8,null,195.91944885253906,3.4127984046936035,1377339061000
52.22426617547762,6.885743126452078,87.01619449939254,8,null,214.53831481933594,3.187896728515625,1377339064000
52.22419452867908,6.885686414308804,86.7425802144706,8,null,197.64617919921875,3.1652514934539795,1377339067000
52.22412115783093,6.8857836581497835,86.61307761564328,16,null,96.3446273803711,2.7934670448303223,1377339073000
52.22411232347863,6.885881056340853,86.60487405136276,12,null,98.5736312866211,2.888478994369507,1377339075000
52.22408122561234,6.886021486329582,86.60785350638868,12,null,106.88433837890625,2.9293696880340576,1377339078000
52.22403101784331,6.88613339434372,87.76693720898317,12,null,125.74762725830078,3.1459665298461914,1377339080000
52.22399543090709,6.886249533296185,87.92049564770655,16,null,100.08380126953125,3.2946488857269287,1377339082000
52.22393527025008,6.886401714052802,88.33316847233186,16,null,112.71288299560547,3.292912721633911,1377339085000
52.22390398063594,6.886514842837726,88.42277995340501,16,null,113.86631774902344,3.300081253051758,1377339087000
52.22384512286893,6.886618028154381,88.35571443382108,12,null,127.53646087646484,3.458341121673584,1377339089000
52.2302601,6.8929663,null,928,null,null,null,1377339089843
52.22378220180703,6.8867100095371105,88.40546985849608,12,null,121.36664581298828,3.570500612258911,1377339091000
52.223695212643186,6.886830695111594,87.22201322990409,16,null,127.39564514160156,3.6566524505615234,1377339094000
52.22366812039707,6.886864169493476,87.17716714585292,12,null,126.23665618896484,3.6494946479797363,1377339095000
52.223561856989306,6.886944895233379,87.74762268404251,16,null,151.0150604248047,3.734551429748535,1377339098000
52.2234561023866,6.886997732888173,87.65138264666926,12,null,162.99038696289062,3.7520949840545654,1377339101000
52.22337079605907,6.887033097296261,85.4257831186269,12,null,159.57644653320312,3.8309714794158936,1377339103000
52.22328013329102,6.887072921216533,85.085496210987,12,null,156.07904052734375,3.514209270477295,1377339106000
52.2303534,6.9004321,null,985,null,null,null,1377339107644
52.22328003804762,6.8870729341381764,85.04210482889421,16,null,156.07904052734375,0,1377339109000
52.2232800380474,6.887072934137967,84.79724713553318,12,null,156.07904052734375,0,1377339113000
52.223278429529365,6.887198530736482,84.49848111350326,12,null,90.0600814819336,2.0449798107147217,1377339128000
52.22327816357699,6.887353066244949,84.3523794281789,12,null,89.94901275634766,2.4503464698791504,1377339131000
52.22327605192466,6.887460528404008,84.28565088594445,12,null,76.41374969482422,2.478783130645752,1377339133000
52.22328449465929,6.8875787293223105,84.55676449792507,8,null,56.954166412353516,2.6191153526306152,1377339135000
52.223320642131775,6.8876971155517275,84.59924760245408,12,null,56.34716033935547,2.8339121341705322,1377339137000
52.223372222664814,6.887812841302756,84.73868989275533,16,null,32.01021194458008,3.1139402389526367,1377339139000
52.223397895364585,6.887873501792251,84.99830138851496,12,null,52.37593460083008,3.228304862976074,1377339140000
52.22345573522107,6.887976858282179,84.82537130485794,16,null,46.91123580932617,3.438356637954712,1377339142000
52.22347994423966,6.888076827914373,84.9335500969809,8,null,71.3178482055664,3.467583179473877,1377339144000
52.223498861567506,6.88818739995626,85.18307605934717,12,null,77.3299331665039,3.5568273067474365,1377339146000
52.223531439500185,6.88830805185014,84.83825532710905,16,null,58.86906433105469,3.7116496562957764,1377339148000
52.223538189637516,6.888367491020074,84.88477511951955,12,null,74.26947784423828,3.7332754135131836,1377339149000
52.22354354171034,6.888531766150288,84.99835700486217,12,null,76.85896301269531,3.75388503074646,1377339152000
52.223559424677696,6.888654952291819,85.04962657241337,12,null,68.1290283203125,3.8618476390838623,1377339154000
52.223549994276226,6.8887888365946095,86.84348840627266,12,null,93.99911499023438,3.9600868225097656,1377339156000
52.22353466981506,6.888955581586767,87.02263638093848,16,null,94.04216003417969,3.9161643981933594,1377339159000
52.22353069711994,6.889015996793299,87.04575258579881,12,null,94.2003173828125,3.9156980514526367,1377339160000
52.223528752082046,6.889144965781928,88.38002411319948,12,null,100.32820129394531,3.919666290283203,1377339162000
52.22350601652376,6.889280024502681,90.18211455709516,16,null,101.69281005859375,4.060168266296387,1377339164000
52.22350505553353,6.889328739419843,90.26352626072143,12,null,90.46478271484375,3.9302473068237305,1377339165000
52.223496472463246,6.889469226730765,91.25474737098321,12,null,94.2822494506836,3.9753222465515137,1377339167000
52.22349916516291,6.88958240631476,91.34059127490711,12,null,89.6425552368164,3.901041269302368,1377339169000
52.223482835030914,6.889685885293826,91.34879835094057,12,null,101.61212921142578,3.93704891204834,1377339171000
52.22345897809252,6.889821927633288,91.37011671153186,12,null,104.93460845947266,3.8303728103637695,1377339174000
52.223426614890585,6.889947956718358,91.14651262567003,12,null,117.85194396972656,3.798337697982788,1377339176000
52.223370208950094,6.890128394144967,89.2277396544903,16,null,95.23600769042969,3.8295013904571533,1377339179000
52.223340846489734,6.890273315837081,87.66187577954362,16,null,110.3639144897461,3.9025802612304688,1377339181000
52.223289773542824,6.890420764784692,86.21041233577662,16,null,119.31156921386719,3.982395648956299,1377339183000
52.2232438280603,6.890593807017387,86.40050337417202,16,null,101.37615966796875,4.147181510925293,1377339185000
52.22321864542256,6.890683069099137,86.72855134056599,12,null,108.99317169189453,4.288186550140381,1377339186000
52.223199764258105,6.890830505009205,87.75617732446375,16,null,95.74309539794922,4.261807918548584,1377339188000
52.22320315416863,6.8909762707423345,87.948018374808,12,null,76.60128021240234,4.2133355140686035,1377339190000
52.22320704820129,6.8911323993657705,91.05539522158273,12,null,87.9691390991211,4.333985805511475,1377339192000
52.22319801382944,6.891308002786867,92.92586511495806,16,null,100.62397766113281,4.195141315460205,1377339195000
52.22317417651039,6.891499840006559,93.0770869759079,12,null,92.55716705322266,4.104105472564697,1377339198000
52.223154865791834,6.891640007767141,93.12072216418618,12,null,104.36082458496094,4.0874738693237305,1377339200000
52.22313510750079,6.89176980032471,93.2202807110519,12,null,95.27922821044922,4.025754451751709,1377339202000
52.223115563153975,6.891885724750576,93.15485693587874,12,null,98.99068450927734,3.9999098777770996,1377339204000
52.22309022867634,6.8920620437093145,93.3375619640214,16,null,102.49652862548828,3.9017276763916016,1377339207000
52.223071843223906,6.892241144903843,93.41653051607129,16,null,85.82475280761719,3.843001365661621,1377339210000
52.223070823137775,6.892400900389746,93.40609733019262,16,null,106.86883544921875,3.6794259548187256,1377339213000
52.22305601505747,6.892454134784493,93.43299734701277,12,null,112.0417709350586,3.6404154300689697,1377339214000
52.22301180768022,6.892518885882522,93.33675577415434,12,null,139.01309204101562,3.4762990474700928,1377339216000
52.22291043485982,6.892545608144903,93.05358972701545,12,null,166.60336303710938,3.3333842754364014,1377339219000
52.222829049150164,6.892593443693028,92.70714764005105,12,null,165.72120666503906,3.2558069229125977,1377339222000
52.222744222557196,6.892650282912433,92.66891563312429,12,null,167.41851806640625,3.281541347503662,1377339225000
52.22267892155682,6.892673759986222,93.07412770629357,8,null,170.60569763183594,3.470301628112793,1377339227000
52.22260245466998,6.892700073072574,92.29653610542904,8,null,164.254150390625,3.6701700687408447,1377339229000
52.222522989338884,6.89272141073218,91.99057293639551,8,null,164.2040252685547,3.761674404144287,1377339231000
52.2224037768308,6.892748497511565,91.93815696385485,16,null,158.7233123779297,3.4779069423675537,1377339235000
52.22239204576887,6.892754110355728,92.03551013858613,12,null,151.08522033691406,3.2511003017425537,1377339236000
52.22227654488138,6.892880214362622,92.27990483212271,24,null,165.43704223632812,2.970453977584839,1377339242000
52.22221686196761,6.892918894152637,92.4492825086543,16,null,163.36260986328125,2.9674551486968994,1377339244000
52.22207908781579,6.892994825790262,92.67339405070622,16,null,166.74850463867188,3.0121841430664062,1377339248000
52.22192312210673,6.893019743372036,93.01488617945122,12,null,182.31126403808594,3.2904458045959473,1377339251000
52.22175969467763,6.8930889339706685,94.41558824431436,16,null,159.94810485839844,3.841813802719116,1377339254000
52.22160317427309,6.893073095619229,95.92427410226712,12,null,165.6247100830078,4.043781280517578,1377339257000
52.22148223004239,6.893084111140383,96.69474174914805,12,null,169.53196716308594,4.179093360900879,1377339260000
52.221337414884765,6.893052264618221,96.33302100825583,16,null,180.22247314453125,4.130027770996094,1377339264000
52.22127783658244,6.8930482418366195,96.23732260893405,12,null,177.78936767578125,4.023496627807617,1377339266000
52.22120218264258,6.893086133515247,94.89083730226841,12,null,150.7453155517578,4.1307454109191895,1377339268000
52.22108335185578,6.8931553476412715,94.1555085367967,16,null,152.17062377929688,4.364064693450928,1377339271000
52.22095744724189,6.893165281205716,95.30101539393563,12,null,154.45516967773438,3.9026544094085693,1377339275000
52.220960218198016,6.89327880667217,93.23300363049265,12,null,88.69351959228516,3.4207215309143066,1377339280000
52.220940711660354,6.893398427126194,92.96345155985138,12,null,125.32440185546875,3.0406908988952637,1377339283000
52.220939072033694,6.8935428590975265,92.45004087342059,8,null,101.71846008300781,2.4561080932617188,1377339288000
52.22093302823443,6.893709492856232,92.13602674705766,16,null,75.22875213623047,2.447362184524536,1377339292000
52.2209432018412,6.893927369816528,89.11571332141017,24,null,105.20922088623047,2.725409984588623,1377339296000
52.220939049408564,6.893976286565094,88.94030022114615,16,null,100.38020324707031,2.793912887573242,1377339297000
52.22094705319457,6.894076766859458,88.61619243587583,12,null,84.71930694580078,2.876508951187134,1377339299000
52.220934970828075,6.894217344354136,88.24097273776775,16,null,96.4385986328125,2.9267325401306152,1377339302000
52.22091514329474,6.894379445736493,86.70978055915636,16,null,84.0138168334961,3.1014039516448975,1377339305000
52.22091450600076,6.894428201143454,86.68754899701958,12,null,97.23506164550781,3.0751678943634033,1377339306000
52.220918125741214,6.89453642565327,86.70281010810723,12,null,96.4395523071289,3.113393545150757,1377339308000
52.22093378146173,6.894694594111834,86.80135685787005,12,null,78.66032409667969,3.108759641647339,1377339311000
52.220945441158904,6.894804034099902,86.90844525492165,12,null,54.60150146484375,2.958192825317383,1377339314000
52.22099696535889,6.8948797049355575,86.84821467323498,12,null,39.89704513549805,2.471571922302246,1377339320000
52.2210126359566,6.894987164712252,87.01977746844759,12,null,45.26689529418945,2.3169426918029785,1377339323000
52.221061179591985,6.895094924173067,86.84858976503975,16,null,49.63798904418945,2.3065803050994873,1377339326000
52.22108420944376,6.895127555440189,86.752411442458,12,null,9.558188438415527,2.300039529800415,1377339327000
52.221124823533515,6.895207434049887,86.50829012289218,12,null,14.35854434967041,2.2615480422973633,1377339329000
52.22123361418572,6.895244066328728,86.61868504886736,12,null,11.58803653717041,1.9653112888336182,1377339338000
52.221282741539596,6.895369412788527,86.20296962977356,16,null,47.616451263427734,2.0459723472595215,1377339342000
52.22131099325182,6.895533174639615,85.98656550542746,12,null,56.13233184814453,2.0467960834503174,1377339347000
52.221318513021636,6.895718045687348,85.93882652934158,16,null,101.29533386230469,2.2492754459381104,1377339351000
52.221295407956724,6.89583330136934,86.08255705940134,12,null,115.60936737060547,2.4437453746795654,1377339353000
52.22127655848659,6.895954417217118,86.23819249755198,12,null,99.10991668701172,2.4521758556365967,1377339356000
52.22125699227136,6.896108999715657,86.41846600110743,16,null,108.13394927978516,2.7259304523468018,1377339359000
52.22124897009469,6.896266920222455,87.7994559769739,16,null,108.69280242919922,3.0812227725982666,1377339362000
52.22124074513201,6.896429916166153,88.00058672905914,16,null,105.22936248779297,3.2782609462738037,1377339365000
52.22122701823533,6.896598278807885,88.32271223328645,16,null,111.23539733886719,3.108638286590576,1377339369000
52.22121555737346,6.896651432929387,88.33310918926904,12,null,108.80345153808594,3.104243040084839,1377339370000
52.22118921647486,6.896758883123136,88.14481579509643,12,null,102.21541595458984,2.8232779502868652,1377339373000
52.22114865050906,6.896839111122533,87.50430012327854,12,null,139.1918182373047,2.4186391830444336,1377339377000
52.2211285915819,6.8968950057655585,87.03113975775072,8,null,99.89216613769531,0,1377339384000
52.22117486686542,6.897026177674315,87.52640611031222,16,null,24.562610626220703,2.773135185241699,1377339403000
52.22126625561312,6.897126591194876,87.61893681707843,8,null,34.024452209472656,3.0177106857299805,1377339406000
52.22135041185751,6.897206370736556,87.50788603378531,16,null,7.9450297355651855,3.052095651626587,1377339409000
52.221446140942355,6.897284106955315,87.4022994054125,16,null,32.64392852783203,3.12593412399292,1377339412000
52.22147971768877,6.897299859080942,87.44482219097651,12,null,12.619070053100586,3.0956294536590576,1377339413000
52.221579999423106,6.897279798401887,87.61859272747063,12,null,306.3204650878906,3.078091621398926,1377339417000
52.22162578067484,6.897207504516326,87.86959098546687,12,null,305.4889831542969,3.2251358032226562,1377339419000
52.22166602149878,6.897108842218685,87.84633933094358,8,null,296.76470947265625,3.301023483276367,1377339421000
52.22169769904515,6.896996103004942,87.66148747703365,12,null,293.7568664550781,3.3730390071868896,1377339423000
52.22172347601917,6.896873470698619,86.6614535340938,12,null,279.64215087890625,3.506060838699341,1377339425000
52.22175049907569,6.896733310598561,86.51832482117763,12,null,283.1275329589844,3.448314666748047,1377339428000
52.22178513269618,6.8966337741858945,86.41465066069215,12,null,330.80645751953125,3.165621042251587,1377339431000
52.221906790567594,6.8966160533867935,87.4463635916077,12,null,346.1521911621094,1.9378952980041504,1377339442000
52.22192852432585,6.896598049804706,88.68003673570806,8,null,314.8339538574219,0,1377339452000
52.22193419327497,6.8965889920607415,89.74826797388258,6,null,288.38043212890625,0,1377339462000
52.22192430374214,6.896544791828073,93.26627693350962,6,null,264.4625244140625,0,1377339521000
