Latitude,Longitude,Altitude,Accuracy,Altitude Accuracy,Heading,Speed,Timestamp
52.2214105,6.8975924,null,30,null,null,null,1377339146134
52.221420211717486,6.897451858967543,75.4000244140625,5,null,143,0.37530001997947693,1377339156000
52.221488608047366,6.897728042677045,87.0999755859375,10,null,150,1.063349962234497,1377339156000
52.221443806774914,6.897698370739818,98.29998779296875,5,null,265,0,1377339171000
52.221443806774914,6.897698370739818,98.29998779296875,5,null,265,0,1377339172000
52.221443806774914,6.897698370739818,98.29998779296875,5,null,265,0,1377339173000
52.221443806774914,6.897698370739818,98.29998779296875,5,null,265,0,1377339174000
52.221443806774914,6.897698370739818,98.29998779296875,5,null,265,0,1377339175000
52.221443806774914,6.897698370739818,98.29998779296875,5,null,265,0,1377339176000
52.221443806774914,6.897698370739818,98.29998779296875,5,null,265,0,1377339177000
52.221443806774914,6.897698370739818,98.29998779296875,5,null,265,0,1377339178000
52.221443806774914,6.897698370739818,98.29998779296875,5,null,265,0,1377339179000
52.22141350619495,6.897683534771204,97.9000244140625,5,null,232,0.5004000067710876,1377339180000
52.22140772268176,6.897697448730469,98.79998779296875,5,null,207,0.5004000067710876,1377339181000
52.22140118479729,6.8976975325495005,99,5,null,196,0.3127500116825104,1377339182000
52.22140248399228,6.8977028131484985,99,5,null,148,0.2502000033855438,1377339183000
52.22139929886907,6.897704992443323,99.5,5,null,146,0.4378499984741211,1377339184000
52.22139582037926,6.897713206708431,98.9000244140625,5,null,144,0.18765000998973846,1377339185000
52.22139213234186,6.897729132324457,97.9000244140625,5,null,142,0.3127500116825104,1377339186000
52.22138806711882,6.89773365855217,97.29998779296875,5,null,142,0,1377339187000
52.221379056572914,6.897732485085726,96.5,5,null,159,0.6255000233650208,1377339188000
52.22137323115021,6.897727120667696,96.5999755859375,5,null,175,0.5004000067710876,1377339189000
52.22137432079762,6.897743633016944,97.29998779296875,5,null,171,0.5004000067710876,1377339190000
52.2213004,6.8977339,null,54.39799880981445,null,null,null,1377339188814
52.221371345221996,6.897750338539481,97.20001220703125,5,null,162,0.5004000067710876,1377339191000
52.22136572934687,6.897752685472369,97.20001220703125,5,null,161,0.5004000067710876,1377339192000
52.22136116120964,6.897743633016944,97.20001220703125,10,null,188,1.3135499954223633,1377339193000
52.22135927528143,6.897741537541151,97.29998779296875,10,null,168,0.06255000084638596,1377339194000
52.22135634161532,6.8977399449795485,97.4000244140625,10,null,194,0.4378499984741211,1377339195000
52.2213591914624,6.8977302219718695,97.29998779296875,10,null,216,0.6880499720573425,1377339196000
52.22136430442333,6.89771706238389,97.29998779296875,10,null,238,0.6255000233650208,1377339197000
52.22136350814253,6.8977072555571795,97.29998779296875,10,null,249,0.7506000399589539,1377339198000
52.221363969147205,6.897688563913107,97.29998779296875,10,null,255,1.0008000135421753,1377339199000
52.22136178985238,6.897669285535812,97.29998779296875,10,null,251,1.063349962234497,1377339200000
52.22136116120964,6.897654617205262,97.29998779296875,10,null,248,0.8756999969482422,1377339201000
52.2213623765856,6.897642547264695,97.20001220703125,10,null,249,0.6880499720573425,1377339202000
52.22137758973986,6.897636596113443,97.0999755859375,10,null,277,0.5004000067710876,1377339203000
52.22138961777091,6.8976362608373165,96.9000244140625,10,null,312,0.4378499984741211,1377339204000
52.22139326389879,6.897631147876382,96.79998779296875,10,null,324,0.1251000016927719,1377339205000
52.22139418590814,6.897623520344496,96.79998779296875,10,null,316,0.37530001997947693,1377339206000
52.22139376681298,6.897619580850005,96.79998779296875,10,null,307,0.18765000998973846,1377339207000
52.2213924,6.8975605,null,41.39699935913086,null,null,null,1377339206251
52.22139636520296,6.897627208381891,97,10,null,279,0.3127500116825104,1377339208000
52.22139498218894,6.897642044350505,97.29998779296875,10,null,237,0.5004000067710876,1377339209000
52.2213935572654,6.897652940824628,97.5,10,null,204,0.37530001997947693,1377339210000
52.22139586228877,6.89765989780426,97.5999755859375,10,null,167,0.1251000016927719,1377339211000
52.22139758057892,6.8976681958884,97.70001220703125,15,null,167,0,1377339212000
52.22139758057892,6.8976681958884,97.70001220703125,15,null,167,0,1377339213000
52.22139758057892,6.8976681958884,97.70001220703125,15,null,167,0,1377339214000
52.22139758057892,6.8976681958884,97.70001220703125,15,null,167,0,1377339215000
52.22139758057892,6.8976681958884,97.70001220703125,15,null,167,0,1377339216000
52.221396868117154,6.897666268050671,97.70001220703125,15,null,201,0.5004000067710876,1377339217000
52.22140076570213,6.897652521729469,97.5999755859375,15,null,224,0.6880499720573425,1377339218000
52.221403741277754,6.897639697417617,97.5,15,null,243,0.6880499720573425,1377339219000
52.22139934077859,6.897637015208602,97.5,15,null,251,0.4378499984741211,1377339220000
52.221397454850376,6.897643133997917,97.5,15,null,252,0.3127500116825104,1377339221000
52.221397873945534,6.897629052400589,97.4000244140625,15,null,252,0.3127500116825104,1377339222000
52.22139841876924,6.897628800943494,97.4000244140625,20,null,252,0,1377339223000
52.22139841876924,6.897628800943494,97.4000244140625,15,null,252,0,1377339224000
52.22139841876924,6.897628800943494,97.4000244140625,15,null,252,0,1377339225000
52.22139841876924,6.897628800943494,97.4000244140625,15,null,252,0,1377339226000
52.22139841876924,6.897628800943494,97.4000244140625,20,null,252,0,1377339227000
52.2213551,6.8977099,null,50.26300048828125,null,null,null,1377339226298
52.22139841876924,6.897628800943494,97.4000244140625,20,null,252,0,1377339228000
52.22139841876924,6.897628800943494,97.4000244140625,50,null,252,0,1377339229000
52.22142951563001,6.897632069885731,97.20001220703125,50,null,286,0.5629500150680542,1377339230000
52.221426917240024,6.897626034915447,97.20001220703125,50,null,296,0.18765000998973846,1377339231000
52.22142230719328,6.897618239745498,97.20001220703125,50,null,275,0.2502000033855438,1377339232000
52.221422852016985,6.897620251402259,97.20001220703125,45,null,275,0,1377339233000
52.221422852016985,6.897620251402259,97.20001220703125,40,null,275,0,1377339234000
52.221422852016985,6.897620251402259,97.20001220703125,35,null,275,0,1377339235000
52.221422852016985,6.897620251402259,97.20001220703125,35,null,275,0,1377339236000
52.221422852016985,6.897620251402259,97.20001220703125,30,null,275,0,1377339237000
52.221422852016985,6.897620251402259,97.20001220703125,30,null,275,0,1377339238000
52.221445315517485,6.897667860612273,97.20001220703125,25,null,225,0.5004000067710876,1377339239000
52.22145352978259,6.897678337991238,97.0999755859375,25,null,176,0.5004000067710876,1377339240000
52.22145960666239,6.897682109847665,97,20,null,152,0.2502000033855438,1377339241000
52.22147377207875,6.897688899189234,97,20,null,107,0.1251000016927719,1377339242000
52.22148039378226,6.897698370739818,97,20,null,107,0,1377339243000
52.22148039378226,6.897698370739818,97,20,null,107,0,1377339244000
52.22148039378226,6.897698370739818,97,20,null,107,0,1377339245000
52.22148039378226,6.897698370739818,97,15,null,107,0,1377339246000
52.22148039378226,6.897698370739818,97,15,null,107,0,1377339247000
52.22148039378226,6.897698370739818,97,15,null,107,0,1377339248000
52.22148039378226,6.897698370739818,97,15,null,107,0,1377339249000
52.22148039378226,6.897698370739818,97,15,null,107,0,1377339250000
52.22148039378226,6.897698370739818,97,15,null,107,0,1377339251000
52.2214134,6.897579,null,41.08300018310547,null,null,null,1377339249708
52.22148039378226,6.897698370739818,97,15,null,107,0,1377339252000
52.22148064523935,6.897686216980219,96.5,15,null,159,0.5629500150680542,1377339253000
52.22148693166673,6.897679762914777,96.29998779296875,15,null,200,0.5629500150680542,1377339254000
52.221495187841356,6.897676410153508,96.4000244140625,15,null,235,0.6880499720573425,1377339255000
52.22150579094887,6.897669956088066,96.4000244140625,15,null,261,0.8756999969482422,1377339256000
52.221509856171906,6.897670878097415,96.5,15,null,277,0.5004000067710876,1377339257000
52.22151262219995,6.897670459002256,96.5,15,null,283,0.1251000016927719,1377339258000
52.22151589114219,6.8976689502596855,96.4000244140625,15,null,291,0.37530001997947693,1377339259000
52.22151794470847,6.8976707104593515,96.5,15,null,291,0,1377339260000
52.22151794470847,6.8976707104593515,96.5,20,null,291,0,1377339261000
52.22151794470847,6.8976707104593515,96.5,20,null,291,0,1377339262000
52.22152268048376,6.89767356030643,96.29998779296875,20,null,280,0.5004000067710876,1377339263000
52.22152154892683,6.897666938602924,96.29998779296875,20,null,274,0.5004000067710876,1377339264000
52.22151941154152,6.897664172574878,96.20001220703125,15,null,260,0.4378499984741211,1377339265000
52.22151890862733,6.897664507851005,96.0999755859375,15,null,249,0.18765000998973846,1377339266000
52.221518154256046,6.89767112955451,96,15,null,214,0.1251000016927719,1377339267000
52.2214172,6.8976717,null,45.310001373291016,null,null,null,1377339266333
52.221519076265395,6.897683702409267,95.9000244140625,15,null,167,0.5004000067710876,1377339268000
52.22151660360396,6.897697113454342,95.9000244140625,15,null,148,0.5004000067710876,1377339269000
52.22151589114219,6.897706920281053,95.9000244140625,15,null,136,0.4378499984741211,1377339270000
52.221512789838016,6.89771605655551,96,15,null,130,0.1251000016927719,1377339271000
52.221512706018984,6.8977210856974125,96.0999755859375,15,null,102,0.06255000084638596,1377339272000
52.22151082009077,6.897724438458681,96.20001220703125,15,null,102,0,1377339273000
52.22151082009077,6.897724438458681,96.20001220703125,20,null,102,0,1377339274000
52.22151082009077,6.897724438458681,96.20001220703125,20,null,102,0,1377339275000
52.22151082009077,6.897724438458681,96.20001220703125,25,null,102,0,1377339276000
52.22150780260563,6.89774539321661,96.20001220703125,20,null,132,0.4378499984741211,1377339277000
52.22150558140129,6.897751344367862,96.20001220703125,20,null,158,0.3127500116825104,1377339278000
52.2215042822063,6.897758468985558,96.29998779296875,20,null,144,0.3127500116825104,1377339279000
52.221498331055045,6.897759977728128,96.29998779296875,20,null,144,0,1377339280000
52.221498331055045,6.897759977728128,96.29998779296875,25,null,144,0,1377339281000
52.221498331055045,6.897759977728128,96.29998779296875,25,null,144,0,1377339282000
52.22149422392249,6.897749584168196,96.0999755859375,20,null,185,0.4378499984741211,1377339283000
52.22148999106139,6.897741872817278,96.0999755859375,20,null,206,0.5629500150680542,1377339284000
52.221488817594945,6.897732736542821,96.0999755859375,20,null,222,0.5629500150680542,1377339285000
52.22148374654353,6.897727036848664,96.0999755859375,20,null,231,0.37530001997947693,1377339286000
52.221475574187934,6.897723264992237,96.20001220703125,20,null,236,0.4378499984741211,1377339287000
52.2213398,6.8976921,null,50.284000396728516,null,null,null,1377339286315
52.22147012595087,6.897728210315108,96.4000244140625,20,null,235,0.37530001997947693,1377339288000
52.22147096414119,6.897722594439983,96.4000244140625,20,null,248,0.37530001997947693,1377339289000
52.221476160921156,6.897719660773873,96.4000244140625,20,null,272,0.4378499984741211,1377339290000
52.22147645428777,6.897722007706761,96.4000244140625,15,null,301,0.2502000033855438,1377339291000
52.2214773343876,6.8977199122309685,96.4000244140625,15,null,320,0.18765000998973846,1377339292000
52.22147440072149,6.897725947201252,96.4000244140625,15,null,320,0,1377339293000
52.22147440072149,6.897725947201252,96.4000244140625,15,null,320,0,1377339294000
52.22147440072149,6.897725947201252,96.4000244140625,15,null,320,0,1377339295000
52.22147440072149,6.897725947201252,96.4000244140625,15,null,320,0,1377339296000
52.22147440072149,6.897725947201252,96.4000244140625,15,null,320,0,1377339297000
52.22147440072149,6.897725947201252,96.4000244140625,15,null,320,0,1377339298000
52.22147569991648,6.8976901564747095,96.5,15,null,309,0.5004000067710876,1377339299000
52.22147720865905,6.897689737379551,96.4000244140625,15,null,299,0.3127500116825104,1377339300000
52.22147268243134,6.897675823420286,96.4000244140625,15,null,287,0.4378499984741211,1377339301000
52.221460905857384,6.897656042128801,96.4000244140625,15,null,273,0.9382500052452087,1377339302000
52.22144690807909,6.8976457323879,96.5,15,null,261,1.1884499788284302,1377339303000
52.22144011873752,6.897625112906098,96.5,15,null,253,1.3135499954223633,1377339304000
52.221443178132176,6.897619245573878,96.5,15,null,250,1.063349962234497,1377339305000
52.22144200466573,6.897610779851675,96.5999755859375,15,null,249,1.063349962234497,1377339306000
52.22144426777959,6.897604493424296,96.70001220703125,15,null,248,0.5629500150680542,1377339307000
52.22139,6.8976332,null,44.845001220703125,null,null,null,1377339306413
52.22144141793251,6.897606337442994,96.70001220703125,15,null,231,0.5004000067710876,1377339308000
52.22143446095288,6.897606085985899,96.79998779296875,15,null,219,0.6880499720573425,1377339309000
52.221427420154214,6.897606002166867,96.79998779296875,15,null,210,0.7506000399589539,1377339310000
52.22141966689378,6.897601559758186,96.79998779296875,15,null,207,0.8756999969482422,1377339311000
52.22143253311515,6.897609103471041,96.70001220703125,15,null,199,0,1377339312000
52.22143253311515,6.897609187290072,96.70001220703125,15,null,194,0,1377339313000
52.221432575024664,6.897609271109104,96.70001220703125,15,null,194,0,1377339314000
52.221432575024664,6.897609271109104,96.70001220703125,15,null,194,0,1377339315000
52.221432575024664,6.897609271109104,96.70001220703125,20,null,194,0,1377339316000
52.221432575024664,6.897609271109104,96.70001220703125,20,null,194,0,1377339317000
52.221432575024664,6.897609271109104,96.70001220703125,20,null,194,0,1377339318000
52.221432575024664,6.897609271109104,96.70001220703125,20,null,194,0,1377339319000
52.221432575024664,6.897609271109104,96.70001220703125,15,null,194,0,1377339320000
52.221432575024664,6.897609271109104,96.70001220703125,15,null,194,0,1377339321000
52.221432575024664,6.897609271109104,96.70001220703125,15,null,194,0,1377339322000
52.221432575024664,6.897609271109104,96.70001220703125,20,null,194,0,1377339323000
52.221432575024664,6.897609271109104,96.70001220703125,15,null,194,0,1377339324000
52.221432575024664,6.897609271109104,96.70001220703125,15,null,194,0,1377339325000
52.2214316111058,6.897617066279054,96.9000244140625,15,null,188,0.4378499984741211,1377339326000
52.221426288597286,6.8976206704974174,96.9000244140625,15,null,170,0.4378499984741211,1377339327000
52.221420337446034,6.897620754316449,96.9000244140625,15,null,170,0.18765000998973846,1377339328000
52.22141924779862,6.897618491202593,96.9000244140625,15,null,170,0.1251000016927719,1377339329000
52.221425492316484,6.897613713517785,96.9000244140625,10,null,224,0.6255000233650208,1377339330000
52.22143433522433,6.89760860055685,97,10,null,259,0.6880499720573425,1377339331000
52.2213997,6.8975892,null,24.45400047302246,null,null,null,1377339329670
52.221435718238354,6.8975932616740465,97.20001220703125,10,null,269,1.063349962234497,1377339332000
52.221434502862394,6.897577755153179,97.20001220703125,10,null,277,0.8756999969482422,1377339333000
52.2214316111058,6.897566858679056,97.20001220703125,10,null,274,0.7506000399589539,1377339334000
52.22143047954887,6.897569792345166,97.0999755859375,10,null,228,0.06255000084638596,1377339335000
52.22143341321498,6.897588148713112,97.0999755859375,10,null,176,0.8756999969482422,1377339336000
52.22144049592316,6.897606337442994,97,10,null,135,1.376099944114685,1377339337000
52.22145516425371,6.897626621648669,96.9000244140625,10,null,104,2.126699924468994,1377339338000
52.221472430974245,6.8976477440446615,97,10,null,81,2.314349889755249,1377339339000
52.22148496191949,6.89765889197588,97,10,null,60,1.1259000301361084,1377339340000
52.22149137407541,6.897655371576548,97,10,null,33,0.8131499886512756,1377339341000
52.22149351146072,6.897652605548501,97.0999755859375,10,null,359,0.4378499984741211,1377339342000
52.22149137407541,6.897645480930805,97.0999755859375,10,null,330,0.5004000067710876,1377339343000
52.22149137407541,6.897634416818619,97.0999755859375,15,null,313,0.6880499720573425,1377339344000
52.22149049397558,6.8976271245628595,97.0999755859375,15,null,300,0.6880499720573425,1377339345000
52.221492170356214,6.897626705467701,97.0999755859375,15,null,291,0.37530001997947693,1377339346000
52.221490032970905,6.897631231695414,97.20001220703125,15,null,276,0,1377339347000
52.2214886918664,6.89763349480927,97.20001220703125,15,null,250,0.1251000016927719,1377339348000
52.22147817257792,6.897649001330137,97.29998779296875,15,null,250,0,1377339349000
52.22147817257792,6.897649001330137,97.29998779296875,15,null,250,0,1377339350000
52.22147817257792,6.897649001330137,97.29998779296875,15,null,250,0,1377339351000
52.2213216,6.8977159,null,30,null,null,null,1377339349880
52.22147817257792,6.897649001330137,97.29998779296875,15,null,250,0,1377339352000
52.22147817257792,6.897649001330137,97.29998779296875,15,null,250,0,1377339353000
52.22147817257792,6.897649001330137,97.29998779296875,15,null,250,0,1377339354000
52.22147817257792,6.897649001330137,97.29998779296875,15,null,250,0,1377339355000
52.22147817257792,6.897649001330137,97.29998779296875,15,null,250,0,1377339356000
52.22147817257792,6.897649001330137,97.29998779296875,15,null,250,0,1377339357000
52.22147817257792,6.897649001330137,97.29998779296875,15,null,250,0,1377339358000
52.22147817257792,6.897649001330137,97.29998779296875,15,null,250,0,1377339359000
52.22147817257792,6.897649001330137,97.29998779296875,15,null,250,0,1377339360000
52.22147817257792,6.897649001330137,97.29998779296875,15,null,250,0,1377339361000
52.22147817257792,6.897649001330137,97.29998779296875,15,null,250,0,1377339362000
52.22147817257792,6.897649001330137,97.29998779296875,15,null,250,0,1377339363000
52.22147817257792,6.897649001330137,97.29998779296875,15,null,250,0,1377339364000
52.22147817257792,6.897649001330137,97.29998779296875,15,null,250,0,1377339365000
52.22147817257792,6.897649001330137,97.29998779296875,15,null,250,0,1377339366000
52.22147817257792,6.897649001330137,97.29998779296875,15,null,250,0,1377339367000
52.2213378,6.8977537,null,30,null,null,null,1377339366417
52.22147817257792,6.897649001330137,97.29998779296875,15,null,250,0,1377339368000
52.22147817257792,6.897649001330137,97.29998779296875,15,null,250,0,1377339369000
52.22147817257792,6.897649001330137,97.29998779296875,15,null,250,0,1377339370000
52.22147817257792,6.897649001330137,97.29998779296875,15,null,250,0,1377339371000
52.22147817257792,6.897649001330137,97.29998779296875,15,null,250,0,1377339372000
52.22147817257792,6.897649001330137,97.29998779296875,15,null,250,0,1377339373000
52.22147817257792,6.897649001330137,97.29998779296875,15,null,250,0,1377339374000
52.22147817257792,6.897649001330137,97.29998779296875,15,null,250,0,1377339375000
52.221479094587266,6.8976854626089334,97.4000244140625,15,null,275,0.5004000067710876,1377339376000
52.221476077102125,6.897683618590236,97.4000244140625,15,null,259,0.1251000016927719,1377339377000
52.221473939716816,6.897680852562189,97.4000244140625,15,null,241,0.2502000033855438,1377339378000
52.2214731015265,6.897680852562189,97.4000244140625,15,null,241,0,1377339379000
52.2214731015265,6.897680852562189,97.4000244140625,15,null,241,0,1377339380000
52.2214731015265,6.897680852562189,97.4000244140625,15,null,241,0,1377339381000
52.2214731015265,6.897680852562189,97.4000244140625,15,null,241,0,1377339382000
52.2214731015265,6.897680852562189,97.4000244140625,15,null,241,0,1377339383000
52.2214731015265,6.897680852562189,97.4000244140625,15,null,241,0,1377339384000
52.2214731015265,6.897680852562189,97.4000244140625,15,null,241,0,1377339385000
52.2214731015265,6.897680852562189,97.4000244140625,15,null,241,0,1377339386000
52.2214731015265,6.897680852562189,97.4000244140625,15,null,241,0,1377339387000
52.2214731015265,6.897680852562189,97.4000244140625,15,null,241,0,1377339388000
52.2213227,6.8977116,null,34.393001556396484,null,null,null,1377339386569
52.2214731015265,6.897680852562189,97.4000244140625,15,null,241,0,1377339389000
52.2214731015265,6.897680852562189,97.4000244140625,15,null,241,0,1377339390000
52.2214731015265,6.897680852562189,97.4000244140625,15,null,241,0,1377339391000
52.2214731015265,6.897680852562189,97.4000244140625,15,null,241,0,1377339392000
52.2214731015265,6.897680852562189,97.4000244140625,15,null,241,0,1377339393000
52.2214731015265,6.897680852562189,97.4000244140625,15,null,241,0,1377339394000
52.2214731015265,6.897680852562189,97.4000244140625,20,null,241,0,1377339395000
52.2214731015265,6.897680852562189,97.4000244140625,20,null,241,0,1377339396000
52.2214731015265,6.897680852562189,97.4000244140625,20,null,241,0,1377339397000
52.2214731015265,6.897680852562189,97.4000244140625,20,null,241,0,1377339398000
52.2214731015265,6.897680852562189,97.4000244140625,25,null,241,0,1377339399000
52.2214731015265,6.897680852562189,97.4000244140625,20,null,241,0,1377339400000
52.2214731015265,6.897680852562189,97.4000244140625,20,null,241,0,1377339401000
52.2214731015265,6.897680852562189,97.4000244140625,20,null,241,0,1377339402000
52.2214731015265,6.897680852562189,97.4000244140625,20,null,241,0,1377339403000
52.2214731015265,6.897680852562189,97.4000244140625,20,null,241,0,1377339404000
52.2214731015265,6.897680852562189,97.4000244140625,20,null,241,0,1377339405000
52.2214731015265,6.897680852562189,97.4000244140625,20,null,241,0,1377339406000
52.2214731015265,6.897680852562189,97.4000244140625,20,null,241,0,1377339407000
52.2214731015265,6.897680852562189,97.4000244140625,20,null,241,0,1377339408000
52.2213436,6.8977165,null,51.1870002746582,null,null,null,1377339406551
52.2214731015265,6.897680852562189,97.4000244140625,20,null,241,0,1377339409000
52.2214731015265,6.897680852562189,97.4000244140625,20,null,241,0,1377339410000
52.2214731015265,6.897680852562189,97.4000244140625,20,null,241,0,1377339411000
52.2214731015265,6.897680852562189,97.4000244140625,20,null,241,0,1377339412000
52.2214731015265,6.897680852562189,97.4000244140625,20,null,241,0,1377339413000
52.22151488531381,6.897717146202922,97.5,20,null,239,0.4378499984741211,1377339414000
52.221520375460386,6.897720666602254,97.5,20,null,238,0.1251000016927719,1377339415000
52.221521507017314,6.897712871432304,97.5,20,null,242,0.37530001997947693,1377339416000
52.221525949425995,6.897715972736478,97.5,20,null,234,0.2502000033855438,1377339417000
52.22152448259294,6.8977125361561775,97.5,20,null,227,0.18765000998973846,1377339418000
52.221524524502456,6.89771412871778,97.5,20,null,227,0,1377339419000
52.221524524502456,6.89771412871778,97.5,15,null,227,0,1377339420000
52.221524524502456,6.89771412871778,97.5,15,null,227,0,1377339421000
52.221524524502456,6.89771412871778,97.5,15,null,227,0,1377339422000
52.221524524502456,6.89771412871778,97.5,15,null,227,0,1377339423000
52.221524524502456,6.89771412871778,97.5,15,null,227,0,1377339424000
52.22150654532015,6.897671045735478,97.5,15,null,234,0.6880499720573425,1377339425000
52.221501558087766,6.897667357698083,97.5,15,null,236,0.5629500150680542,1377339426000
52.221503402106464,6.897676745429635,97.5,15,null,243,0.18765000998973846,1377339427000
52.22149967215955,6.897678337991238,97.5,15,null,237,0.18765000998973846,1377339428000
52.221502689644694,6.897685211151838,97.5,15,null,237,0,1377339429000
52.221502689644694,6.897685211151838,97.5,15,null,237,0,1377339430000
52.221502689644694,6.897685211151838,97.5,15,null,237,0,1377339431000
52.2213438,6.8977245,null,30,null,null,null,1377339429762
52.221502689644694,6.897685211151838,97.5,15,null,237,0,1377339432000
52.221502689644694,6.897685211151838,97.5,15,null,237,0,1377339433000
52.221502689644694,6.897685211151838,97.5,15,null,237,0,1377339434000
52.22148496191949,6.8976712971925735,97.5,15,null,229,0.4378499984741211,1377339435000
52.22147934604436,6.897660903632641,97.4000244140625,15,null,232,0.6255000233650208,1377339436000
52.22148362081498,6.8976751528680325,97.4000244140625,15,null,290,0.8756999969482422,1377339437000
52.22148944623768,6.8977028131484985,97.4000244140625,15,null,331,1.2510000467300415,1377339438000
52.22149657085538,6.8977125361561775,97.4000244140625,15,null,346,0.8131499886512756,1377339439000
52.22149891778827,6.897714715451002,97.4000244140625,15,null,332,0.18765000998973846,1377339440000
52.22150038462132,6.897711614146829,97.5,15,null,314,0.37530001997947693,1377339441000
52.22150382120162,6.8977090157568455,97.5,15,null,304,0.5004000067710876,1377339442000
52.2215074673295,6.897704740986228,97.5,15,null,306,0.6255000233650208,1377339443000
52.22151023335755,6.897702058777213,97.5,15,null,302,0.6255000233650208,1377339444000
52.22150767687708,6.8976992927491665,97.5,15,null,279,0.5004000067710876,1377339445000
52.22150566522032,6.897710273042321,97.5,15,null,238,0.3127500116825104,1377339446000
52.22150281537324,6.897715218365192,97.5,15,null,232,0.37530001997947693,1377339447000
52.22149891778827,6.897707423195243,97.5999755859375,15,null,240,1.063349962234497,1377339448000
52.22149594221264,6.897705495357513,97.5,15,null,238,0.6880499720573425,1377339449000
52.2214953135699,6.897713458165526,97.5,15,null,199,0.18765000998973846,1377339450000
52.22149120643735,6.897714212536812,97.5999755859375,15,null,209,0.18765000998973846,1377339451000
52.2213379,6.8976794,null,32.097999572753906,null,null,null,1377339450055
52.22149845678359,6.897704657167196,97.5,15,null,237,0.5004000067710876,1377339452000
52.22148890141398,6.8976975325495005,97.5,15,null,244,0.18765000998973846,1377339453000
52.22148433327675,6.8976907432079315,97.5,15,null,243,0.2502000033855438,1377339454000
52.22147854976356,6.897692922502756,97.5,20,null,243,0,1377339455000
52.22147984895855,6.897712033241987,97.4000244140625,20,null,187,1.0008000135421753,1377339456000
52.22148483619094,6.897738771513104,97.4000244140625,20,null,153,1.1884499788284302,1377339457000
52.22148110624403,6.8977531883865595,97.4000244140625,20,null,142,0.8756999969482422,1377339458000
52.221471425145864,6.897770119830966,97.4000244140625,20,null,142,1.3135499954223633,1377339459000
52.221466270275414,6.89778788946569,97.4000244140625,20,null,140,1.3135499954223633,1377339460000
52.22145851701498,6.897793924435973,97.4000244140625,20,null,139,1.063349962234497,1377339461000
52.22144254948944,6.897785374894738,97.4000244140625,20,null,146,1.0008000135421753,1377339462000
52.22143890336156,6.897789482027292,97.4000244140625,20,null,146,0.7506000399589539,1377339463000
52.22143420949578,6.897791661322117,97.4000244140625,20,null,146,0.8131499886512756,1377339464000
52.22143106628209,6.897786213085055,97.4000244140625,20,null,150,0.5004000067710876,1377339465000
52.221435802057385,6.897784285247326,97.5,20,null,95,0.3127500116825104,1377339466000
52.22144665662199,6.897769114002585,97.5,20,null,52,1.8765000104904175,1377339467000
52.22146379761398,6.897730641067028,97.5,20,null,317,3.0024001598358154,1377339468000
52.2213323,6.8977169,null,34.013999938964844,null,null,null,1377339466721
52.22147762775421,6.897683702409267,97.5,20,null,312,3.1900501251220703,1377339469000
52.221493260003626,6.897636344656348,97.5,20,null,311,3.1900501251220703,1377339470000
52.22151387948543,6.8976053316146135,97.4000244140625,20,null,313,2.75219988822937,1377339471000
52.22152439877391,6.897568367421627,97.4000244140625,20,null,313,2.689650058746338,1377339472000
52.22153185866773,6.8975308164954185,97.4000244140625,20,null,309,2.689650058746338,1377339473000
52.2215333674103,6.897526793181896,97.5,20,null,310,1.5637500286102295,1377339474000
52.221530308015645,6.89750399440527,97.5999755859375,20,null,303,1.688849925994873,1377339475000
52.22153089474887,6.897481698542833,97.70001220703125,20,null,291,1.8139500617980957,1377339476000
52.22151496913284,6.897492511197925,97.9000244140625,15,null,276,1.5012000799179077,1377339477000
52.22148814704269,6.897500474005938,98.0999755859375,15,null,250,2.0016000270843506,1377339478000
52.22145428415388,6.897516651079059,98.0999755859375,15,null,220,2.8773000240325928,1377339479000
52.22143596969545,6.897531570866704,98,15,null,196,2.314349889755249,1377339480000
52.22143475431949,6.897539449855685,97.9000244140625,15,null,166,1.3135499954223633,1377339481000
52.22143131773919,6.897541042417288,97.9000244140625,15,null,174,0.5629500150680542,1377339482000
52.22142310347408,6.897527212277055,97.9000244140625,15,null,189,1.376099944114685,1377339483000
52.22142683342099,6.897517908364534,98,15,null,223,1.1259000301361084,1377339484000
52.22143668215722,6.8975134659558535,98.0999755859375,15,null,254,0.8756999969482422,1377339485000
52.221444519236684,6.89749569632113,98.29998779296875,15,null,271,1.4386500120162964,1377339486000
52.221450386568904,6.897477004677057,98.5999755859375,15,null,279,1.2510000467300415,1377339487000
52.221448458731174,6.897465270012617,98.70001220703125,15,null,269,1.2510000467300415,1377339488000
52.2213633,6.8976636,null,47.6870002746582,null,null,null,1377339486678
52.22144183702767,6.897460576146841,98.79998779296875,15,null,257,0.8756999969482422,1377339489000
52.22143521532416,6.897463845089078,98.9000244140625,15,null,246,0.7506000399589539,1377339490000
52.221430144272745,6.897465521469712,98.79998779296875,15,null,242,0.5004000067710876,1377339491000
52.22142079845071,6.8974763341248035,98.5999755859375,15,null,224,0.6255000233650208,1377339492000
52.221415769308805,6.89748790115118,98.4000244140625,15,null,208,0.4378499984741211,1377339493000
52.22140935715288,6.897497205063701,98.29998779296875,15,null,232,0.2502000033855438,1377339494000
52.22141157835722,6.897510699927807,98.29998779296875,15,null,240,0.5004000067710876,1377339495000
52.22141392529011,6.897503240033984,98.5,15,null,252,1.376099944114685,1377339496000
52.221409608609974,6.897509275004268,98.79998779296875,15,null,259,1.0008000135421753,1377339497000
52.221411829814315,6.897518495097756,99,15,null,271,0.7506000399589539,1377339498000
52.22135889809579,6.897605499252677,97.0999755859375,15,null,237,1.063349962234497,1377339499000
52.221327549777925,6.897628800943494,96.5999755859375,15,null,219,1.376099944114685,1377339500000
52.22131355199963,6.897749248892069,92.20001220703125,15,null,186,1.063349962234497,1377339501000
52.22131053451449,6.897789565846324,90.79998779296875,15,null,157,1.2510000467300415,1377339502000
52.22130412235856,6.8978123646229506,90.5999755859375,15,null,141,1.3135499954223633,1377339503000
52.22129125613719,6.89782259054482,90.79998779296875,15,null,140,0.8756999969482422,1377339504000
52.22128266468644,6.897837091237307,90.70001220703125,15,null,138,0.8756999969482422,1377339505000
52.22127771936357,6.897857459262013,90.79998779296875,15,null,126,0.9382500052452087,1377339506000
52.221270678564906,6.897873217239976,91.29998779296875,15,null,126,0.6880499720573425,1377339507000
52.2212682897225,6.897882604971528,91.20001220703125,15,null,121,0.37530001997947693,1377339508000
52.2212777,6.8977783,null,57.678001403808594,null,null,null,1377339506669
52.22126447595656,6.897896351292729,90.70001220703125,15,null,123,0.3127500116825104,1377339509000
52.22125961445272,6.897906577214599,90.5,15,null,139,0.6880499720573425,1377339510000
52.22125303465873,6.8979137018322945,90.70001220703125,15,null,153,0.8756999969482422,1377339511000
52.22124628722668,6.897925268858671,90.79998779296875,15,null,154,1.2510000467300415,1377339512000
52.22124016843736,6.89793398603797,90.79998779296875,10,null,158,0.9382500052452087,1377339513000
52.221232750453055,6.897936584427953,90.79998779296875,10,null,164,1.0008000135421753,1377339514000
52.22122285980731,6.897928537800908,90.9000244140625,10,null,168,0.8131499886512756,1377339515000
52.221211795695126,6.89792912453413,90.79998779296875,10,null,168,1.1884499788284302,1377339516000
52.22119553480297,6.897930884733796,90.9000244140625,10,null,169,1.5012000799179077,1377339517000
52.22118283621967,6.897929459810257,91,10,null,172,1.376099944114685,1377339518000
52.22117038909346,6.8979298789054155,91,10,null,173,1.376099944114685,1377339519000
52.22116611432284,6.897942451760173,90.9000244140625,10,null,167,1.1884499788284302,1377339520000
52.221158780157566,6.8979458045214415,90.9000244140625,10,null,165,1.063349962234497,1377339521000
52.22114956006408,6.897945636883378,91.0999755859375,10,null,168,1.0008000135421753,1377339522000
52.221154547296464,6.897952929139137,91.0999755859375,10,null,170,0.6880499720573425,1377339523000
52.221160917542875,6.897964412346482,91.0999755859375,10,null,174,0.5629500150680542,1377339524000
52.22115953452885,6.89797262661159,91.29998779296875,10,null,172,0.5629500150680542,1377339525000
52.221152116544545,6.897978410124779,91.5999755859375,10,null,167,0.6255000233650208,1377339526000
52.221143022179604,6.897985199466348,91.70001220703125,10,null,160,0.5629500150680542,1377339527000
52.22113736439496,6.897986205294728,91.79998779296875,10,null,164,0.2502000033855438,1377339528000
52.2213009,6.8977552,null,55.31700134277344,null,null,null,1377339526628
52.22112818621099,6.897986037656665,92,10,null,172,0.4378499984741211,1377339529000
52.22112516872585,6.897987211123109,92.20001220703125,10,null,171,0.37530001997947693,1377339530000
52.22112403716892,6.897989809513092,92.0999755859375,10,null,177,0.5629500150680542,1377339531000
52.22111867275089,6.8979893904179335,92.0999755859375,10,null,183,0.6255000233650208,1377339532000
52.22111653536558,6.897995928302407,92.0999755859375,10,null,159,0.6880499720573425,1377339533000
52.221110542304814,6.898007830604911,92.20001220703125,10,null,148,0.7506000399589539,1377339534000
52.22110609989613,6.898019732907414,92.20001220703125,10,null,140,1.0008000135421753,1377339535000
52.22109775990248,6.898030797019601,92.4000244140625,10,null,137,1.0008000135421753,1377339536000
52.221093527041376,6.8980479799211025,92.4000244140625,10,null,125,1.1259000301361084,1377339537000
52.22108166664839,6.898063067346811,92.5,10,null,124,1.1259000301361084,1377339538000
52.221073200926185,6.89806985668838,92.5999755859375,10,null,132,0.7506000399589539,1377339539000
52.221068548969924,6.898070108145475,92.70001220703125,10,null,73,0.1251000016927719,1377339540000
52.221067836508155,6.898069269955158,92.79998779296875,10,null,90,0.06255000084638596,1377339541000
52.22107114735991,6.898069018498063,92.79998779296875,10,null,90,0,1377339542000
52.22107114735991,6.898069018498063,92.79998779296875,10,null,90,0,1377339543000
52.22107114735991,6.898069018498063,92.79998779296875,10,null,90,0,1377339544000
52.22107114735991,6.898069018498063,92.79998779296875,10,null,90,0,1377339545000
52.22107114735991,6.898069018498063,92.79998779296875,10,null,90,0,1377339546000
52.22107114735991,6.898069018498063,92.79998779296875,10,null,90,0,1377339547000
52.22107114735991,6.898069018498063,92.79998779296875,10,null,90,0,1377339548000
52.2209771,6.8981108,null,30,null,null,null,1377339546740
52.22107114735991,6.898069018498063,92.79998779296875,10,null,90,0,1377339549000
52.22107114735991,6.898069018498063,92.79998779296875,10,null,90,0,1377339550000
52.22107114735991,6.898069018498063,92.79998779296875,10,null,90,0,1377339551000
52.22107114735991,6.898069018498063,92.79998779296875,10,null,90,0,1377339552000
52.22107114735991,6.898069018498063,92.79998779296875,10,null,90,0,1377339553000
52.22107114735991,6.898069018498063,92.79998779296875,10,null,90,0,1377339554000
52.22107114735991,6.898069018498063,92.79998779296875,10,null,90,0,1377339555000
52.22107114735991,6.898069018498063,92.79998779296875,10,null,90,0,1377339556000
52.22107114735991,6.898069018498063,92.79998779296875,10,null,90,0,1377339557000
52.22107114735991,6.898069018498063,92.79998779296875,10,null,90,0,1377339558000
52.22107114735991,6.898069018498063,92.79998779296875,10,null,90,0,1377339559000
52.22107114735991,6.898069018498063,92.79998779296875,10,null,90,0,1377339560000
52.22107114735991,6.898069018498063,92.79998779296875,10,null,90,0,1377339561000
52.22107114735991,6.898069018498063,92.79998779296875,10,null,90,0,1377339562000
52.2210983466357,6.8980503268539906,93.4000244140625,10,null,43,0.8131499886512756,1377339563000
52.22109947819263,6.898041609674692,93.4000244140625,10,null,2,0.4378499984741211,1377339564000
52.221101825125515,6.898039178922772,93.4000244140625,10,null,345,0.2502000033855438,1377339565000
52.22110270522535,6.898042364045978,93.5999755859375,10,null,310,0.18765000998973846,1377339566000
52.22110165748745,6.898047728464007,93.5999755859375,10,null,310,0,1377339567000
52.22110165748745,6.898047728464007,93.5999755859375,10,null,310,0,1377339568000
52.22110165748745,6.898047728464007,93.5999755859375,10,null,310,0,1377339569000
52.22110165748745,6.898047728464007,93.5999755859375,10,null,310,0,1377339570000
52.22110165748745,6.898047728464007,93.5999755859375,10,null,310,0,1377339571000
52.2209686,6.8980523,null,30,null,null,null,1377339569664
52.22110165748745,6.898047728464007,93.5999755859375,10,null,310,0,1377339572000
52.22110165748745,6.898047728464007,93.5999755859375,10,null,310,0,1377339573000
52.22110165748745,6.898047728464007,93.5999755859375,10,null,310,0,1377339574000
52.22110165748745,6.898047728464007,93.5999755859375,5,null,310,0,1377339575000
52.22110165748745,6.898047728464007,93.5999755859375,10,null,310,0,1377339576000
52.22110165748745,6.898047728464007,93.5999755859375,10,null,310,0,1377339577000
52.22110165748745,6.898047728464007,93.5999755859375,10,null,310,0,1377339578000
52.22109482623637,6.89805862493813,95.29998779296875,10,null,320,0.6255000233650208,1377339579000
52.22109897527844,6.8980565294623375,95.4000244140625,10,null,325,0.5629500150680542,1377339580000
52.22110107075423,6.898056361824274,95.4000244140625,10,null,326,0.37530001997947693,1377339581000
52.22109319176525,6.898058457300067,95.70001220703125,10,null,303,0.37530001997947693,1377339582000
52.22109541296959,6.89805761910975,95.9000244140625,10,null,315,0.1251000016927719,1377339583000
52.22110408823937,6.898058373481035,96,10,null,331,0.2502000033855438,1377339584000
52.22110509406775,6.898051919415593,96.20001220703125,10,null,331,0,1377339585000
52.22110509406775,6.898051919415593,96.20001220703125,10,null,331,0,1377339586000
52.22110509406775,6.898051919415593,96.20001220703125,10,null,331,0,1377339587000
52.22110509406775,6.898051919415593,96.20001220703125,10,null,331,0,1377339588000
52.22110509406775,6.898051919415593,96.20001220703125,10,null,331,0,1377339589000
52.22110509406775,6.898051919415593,96.20001220703125,10,null,331,0,1377339590000
52.22110509406775,6.898051919415593,96.20001220703125,10,null,331,0,1377339591000
52.2209537,6.8981739,null,30,null,null,null,1377339590267
52.22110509406775,6.898051919415593,96.20001220703125,10,null,331,0,1377339592000
52.221097592264414,6.898029455915093,97.5999755859375,5,null,9,0.5629500150680542,1377339593000
52.22109440714121,6.898023756220937,98,10,null,35,0.3127500116825104,1377339594000
52.22109922673553,6.898027192801237,97.79998779296875,5,null,59,0.06255000084638596,1377339595000
52.22110572271049,6.89803565852344,97.79998779296875,5,null,59,0,1377339596000
52.22110572271049,6.89803565852344,97.79998779296875,5,null,59,0,1377339597000
52.22110572271049,6.89803565852344,97.79998779296875,5,null,59,0,1377339598000
52.22110572271049,6.89803565852344,97.79998779296875,5,null,59,0,1377339599000
52.22110572271049,6.89803565852344,97.79998779296875,5,null,59,0,1377339600000
52.22110572271049,6.89803565852344,97.79998779296875,5,null,59,0,1377339601000
52.22110572271049,6.89803565852344,97.79998779296875,5,null,59,0,1377339602000
52.22110572271049,6.89803565852344,97.79998779296875,5,null,59,0,1377339603000
52.22110572271049,6.89803565852344,97.79998779296875,5,null,59,0,1377339604000
52.22110572271049,6.89803565852344,97.79998779296875,5,null,59,0,1377339605000
52.22110572271049,6.89803565852344,97.79998779296875,5,null,59,0,1377339606000
52.22110572271049,6.89803565852344,97.79998779296875,10,null,59,0,1377339607000
52.22110572271049,6.89803565852344,97.79998779296875,10,null,59,0,1377339608000
52.2209552,6.8980922,null,30,null,null,null,1377339606787
52.22110572271049,6.89803565852344,97.79998779296875,10,null,59,0,1377339609000
52.22110572271049,6.89803565852344,97.79998779296875,10,null,59,0,1377339610000
52.22110572271049,6.89803565852344,97.79998779296875,10,null,59,0,1377339611000
52.22111879847944,6.8980473931878805,99.4000244140625,10,null,26,0.5004000067710876,1377339612000
52.22111443988979,6.898049488663673,99.5,10,null,28,0.06255000084638596,1377339613000
52.22111221868545,6.8980450462549925,99.5,10,null,340,0.06255000084638596,1377339614000
52.221112051047385,6.898044208064675,99.70001220703125,10,null,340,0,1377339615000
52.221112051047385,6.898044208064675,99.70001220703125,10,null,340,0,1377339616000
52.221112051047385,6.898044208064675,99.70001220703125,10,null,340,0,1377339617000
52.221112051047385,6.898044208064675,99.70001220703125,5,null,340,0,1377339618000
52.22111238632351,6.898040939122438,99.29998779296875,5,null,23,0.5629500150680542,1377339619000
52.221112553961575,6.898036915808916,99.5,5,null,52,0,1377339620000
52.221113056875765,6.898034401237965,99.4000244140625,5,null,60,0.06255000084638596,1377339621000
52.22111301496625,6.898034065961838,99.4000244140625,5,null,60,0,1377339622000
52.22111301496625,6.898034065961838,99.4000244140625,5,null,60,0,1377339623000
52.22111301496625,6.898034065961838,99.4000244140625,5,null,60,0,1377339624000
52.22111301496625,6.898034065961838,99.4000244140625,5,null,60,0,1377339625000
52.22111301496625,6.898034065961838,99.4000244140625,5,null,60,0,1377339626000
52.22110836300999,6.898021576926112,100.0999755859375,5,null,100,0.5004000067710876,1377339627000
52.221102034673095,6.898017469793558,100.5,5,null,133,0.4378499984741211,1377339628000
52.2210018,6.8980645,null,30,null,null,null,1377339626889
52.22110228613019,6.898016296327114,100.5999755859375,5,null,82,0.2502000033855438,1377339629000
52.22110115457326,6.898015039041638,100.70001220703125,5,null,127,0.3127500116825104,1377339630000
52.2210957063362,6.8980220798403025,100.5999755859375,5,null,137,0.6255000233650208,1377339631000
52.22109256312251,6.89802979119122,100.79998779296875,5,null,137,0.3127500116825104,1377339632000
52.22108845598996,6.898035826161504,101,5,null,122,0.1251000016927719,1377339633000
52.22108489368111,6.89804001711309,101.20001220703125,5,null,122,0,1377339634000
52.221082211472094,6.898039765655994,101.29998779296875,5,null,158,0.4378499984741211,1377339635000
52.22108103800565,6.8980285339057446,101.5,5,null,190,1.1259000301361084,1377339636000
52.22107898443937,6.898012859746814,101.70001220703125,5,null,211,1.1259000301361084,1377339637000
52.22107609268278,6.898001208901405,101.79998779296875,5,null,225,0.7506000399589539,1377339638000
52.22107793670148,6.898008668795228,101.9000244140625,10,null,181,0.6255000233650208,1377339639000
52.22107500303537,6.898016044870019,102,10,null,172,0.4378499984741211,1377339640000
52.22107982262969,6.898019062355161,102.20001220703125,10,null,175,0.06255000084638596,1377339641000
52.22108254674822,6.8980214931070805,102.29998779296875,10,null,174,0.37530001997947693,1377339642000
52.221084516495466,6.8980261869728565,102.4000244140625,10,null,174,0,1377339643000
52.221084516495466,6.8980261869728565,102.4000244140625,10,null,174,0,1377339644000
52.221084516495466,6.8980261869728565,102.4000244140625,10,null,174,0,1377339645000
52.221084516495466,6.8980261869728565,102.4000244140625,10,null,174,0,1377339646000
52.221084516495466,6.8980261869728565,102.4000244140625,10,null,174,0,1377339647000
52.221084516495466,6.8980261869728565,102.4000244140625,10,null,174,0,1377339648000
52.2210078,6.8981239,null,31.5,null,null,null,1377339646880
52.221084516495466,6.8980261869728565,102.4000244140625,10,null,174,0,1377339649000
52.221084516495466,6.8980261869728565,102.4000244140625,10,null,174,0,1377339650000
52.221084516495466,6.8980261869728565,102.4000244140625,10,null,174,0,1377339651000
52.221084516495466,6.8980261869728565,102.4000244140625,10,null,174,0,1377339652000
52.221084516495466,6.8980261869728565,102.4000244140625,10,null,174,0,1377339653000
52.221084516495466,6.8980261869728565,102.4000244140625,10,null,174,0,1377339654000
52.221084516495466,6.8980261869728565,102.4000244140625,10,null,174,0,1377339655000
52.221084516495466,6.8980261869728565,102.4000244140625,10,null,174,0,1377339656000
52.221084516495466,6.8980261869728565,102.4000244140625,10,null,174,0,1377339657000
52.221084516495466,6.8980261869728565,102.4000244140625,10,null,174,0,1377339658000
52.221084516495466,6.8980261869728565,102.4000244140625,10,null,174,0,1377339659000
52.221084516495466,6.8980261869728565,102.4000244140625,10,null,174,0,1377339660000
52.221084516495466,6.8980261869728565,102.4000244140625,10,null,174,0,1377339661000
52.221084516495466,6.8980261869728565,102.4000244140625,10,null,174,0,1377339662000
52.221084516495466,6.8980261869728565,102.4000244140625,10,null,174,0,1377339663000
52.221084516495466,6.8980261869728565,102.4000244140625,10,null,174,0,1377339664000
52.221084516495466,6.8980261869728565,102.4000244140625,10,null,174,0,1377339665000
52.221084516495466,6.8980261869728565,102.4000244140625,10,null,174,0,1377339666000
52.221084516495466,6.8980261869728565,102.4000244140625,10,null,174,0,1377339667000
52.221084516495466,6.8980261869728565,102.4000244140625,10,null,174,0,1377339668000
52.221084516495466,6.8980261869728565,102.4000244140625,10,null,174,0,1377339669000
52.221084516495466,6.8980261869728565,102.4000244140625,10,null,174,0,1377339670000
52.221084516495466,6.8980261869728565,102.4000244140625,10,null,174,0,1377339671000
52.2211437,6.897899,null,30,null,null,null,1377339670292
52.221084516495466,6.8980261869728565,102.4000244140625,10,null,174,0,1377339672000
52.221084516495466,6.8980261869728565,102.4000244140625,10,null,174,0,1377339673000
52.221084516495466,6.8980261869728565,102.4000244140625,10,null,174,0,1377339674000
52.221084516495466,6.8980261869728565,102.4000244140625,10,null,174,0,1377339675000
52.221084516495466,6.8980261869728565,102.4000244140625,10,null,174,0,1377339676000
52.221084516495466,6.8980261869728565,102.4000244140625,10,null,174,0,1377339677000
52.221084516495466,6.8980261869728565,102.4000244140625,10,null,174,0,1377339678000
52.221084516495466,6.8980261869728565,102.4000244140625,10,null,174,0,1377339679000
52.221084516495466,6.8980261869728565,102.4000244140625,10,null,174,0,1377339680000
52.221084516495466,6.8980261869728565,102.4000244140625,5,null,174,0,1377339681000
52.221084516495466,6.8980261869728565,102.4000244140625,5,null,174,0,1377339682000
52.221084516495466,6.8980261869728565,102.4000244140625,5,null,174,0,1377339683000
52.221084516495466,6.8980261869728565,102.4000244140625,5,null,174,0,1377339684000
52.221084516495466,6.8980261869728565,102.4000244140625,5,null,174,0,1377339685000
52.221084516495466,6.8980261869728565,102.4000244140625,5,null,174,0,1377339686000
52.221084516495466,6.8980261869728565,102.4000244140625,5,null,174,0,1377339687000
52.221084516495466,6.8980261869728565,102.4000244140625,5,null,174,0,1377339688000
52.221084516495466,6.8980261869728565,102.4000244140625,5,null,174,0,1377339689000
52.221084516495466,6.8980261869728565,102.4000244140625,5,null,174,0,1377339690000
52.221084516495466,6.8980261869728565,102.4000244140625,5,null,174,0,1377339691000
52.2210478,6.8980031,null,25.77400016784668,null,null,null,1377339690449
52.221084516495466,6.8980261869728565,102.4000244140625,5,null,174,0,1377339692000
52.221084516495466,6.8980261869728565,102.4000244140625,5,null,174,0,1377339693000
52.221084516495466,6.8980261869728565,102.4000244140625,5,null,174,0,1377339694000
52.221084516495466,6.8980261869728565,102.4000244140625,5,null,174,0,1377339695000
52.221084516495466,6.8980261869728565,102.4000244140625,5,null,174,0,1377339696000
52.221084516495466,6.8980261869728565,102.4000244140625,5,null,174,0,1377339697000
52.221084516495466,6.8980261869728565,102.4000244140625,10,null,174,0,1377339698000
52.221084516495466,6.8980261869728565,102.4000244140625,10,null,174,0,1377339699000
52.221084516495466,6.8980261869728565,102.4000244140625,10,null,174,0,1377339700000
52.221084516495466,6.8980261869728565,102.4000244140625,10,null,174,0,1377339701000
52.221084516495466,6.8980261869728565,102.4000244140625,10,null,174,0,1377339702000
52.221084516495466,6.8980261869728565,102.4000244140625,10,null,174,0,1377339703000
52.221155846491456,6.898029623553157,104.29998779296875,10,null,123,0.5004000067710876,1377339704000
52.2211578162387,6.898024091497064,104.5,10,null,81,0.2502000033855438,1377339705000
52.22115593031049,6.898023756220937,104.29998779296875,5,null,42,0,1377339706000
52.22115882206708,6.898021157830954,104.20001220703125,5,null,42,0,1377339707000
52.22115882206708,6.898021157830954,104.20001220703125,5,null,42,0,1377339708000
52.2210695,6.8980083,null,30,null,null,null,1377339706978
52.22116594668478,6.898017302155495,103.9000244140625,5,null,37,0.4378499984741211,1377339709000
52.22116330638528,6.898015458136797,104,5,null,41,0,1377339710000
52.22116963472217,6.898018140345812,104.29998779296875,5,null,39,0.2502000033855438,1377339711000
52.22116804216057,6.898020403459668,104.29998779296875,5,null,39,0,1377339712000
52.22116804216057,6.898020403459668,104.29998779296875,5,null,39,0,1377339713000
52.22116804216057,6.898020403459668,104.29998779296875,5,null,39,0,1377339714000
52.22116804216057,6.898020403459668,104.29998779296875,5,null,39,0,1377339715000
52.22116804216057,6.898020403459668,104.29998779296875,5,null,39,0,1377339716000
52.22116804216057,6.898020403459668,104.29998779296875,5,null,39,0,1377339717000
52.22116804216057,6.898020403459668,104.29998779296875,5,null,39,0,1377339718000
52.22116804216057,6.898020403459668,104.29998779296875,5,null,39,0,1377339719000
52.22116804216057,6.898020403459668,104.29998779296875,5,null,39,0,1377339720000
52.22116804216057,6.898020403459668,104.29998779296875,5,null,39,0,1377339721000
52.22116804216057,6.898020403459668,104.29998779296875,5,null,39,0,1377339722000
52.22116804216057,6.898020403459668,104.29998779296875,5,null,39,0,1377339723000
52.22116804216057,6.898020403459668,104.29998779296875,5,null,39,0,1377339724000
52.22116804216057,6.898020403459668,104.29998779296875,5,null,39,0,1377339725000
52.22116804216057,6.898020403459668,104.29998779296875,5,null,39,0,1377339726000
52.22116804216057,6.898020403459668,104.29998779296875,5,null,39,0,1377339727000
52.22116804216057,6.898020403459668,104.29998779296875,5,null,39,0,1377339728000
52.2210737,6.8980345,null,81.03600311279297,null,null,null,1377339727331
52.22116804216057,6.898020403459668,104.29998779296875,5,null,39,0,1377339729000
52.22116804216057,6.898020403459668,104.29998779296875,5,null,39,0,1377339730000
52.22116804216057,6.898020403459668,104.29998779296875,5,null,39,0,1377339731000
52.22116804216057,6.898020403459668,104.29998779296875,10,null,39,0,1377339732000
52.22116804216057,6.898020403459668,104.29998779296875,10,null,39,0,1377339733000
52.22116804216057,6.898020403459668,104.29998779296875,10,null,39,0,1377339734000
52.22116804216057,6.898020403459668,104.29998779296875,10,null,39,0,1377339735000
52.22116804216057,6.898020403459668,104.29998779296875,10,null,39,0,1377339736000
52.22116804216057,6.898020403459668,104.29998779296875,10,null,39,0,1377339737000
52.22116804216057,6.898020403459668,104.29998779296875,10,null,39,0,1377339738000
52.22116804216057,6.898020403459668,104.29998779296875,10,null,39,0,1377339739000
52.22116804216057,6.898020403459668,104.29998779296875,10,null,39,0,1377339740000
52.22116804216057,6.898020403459668,104.29998779296875,10,null,39,0,1377339741000
52.221173448488116,6.898028617724776,104.5,10,null,22,0.6255000233650208,1377339742000
52.22117441240698,6.898030797019601,104.5,10,null,20,0.06255000084638596,1377339743000
52.22117374185473,6.898030629381537,104.4000244140625,10,null,32,0,1377339744000
52.221172652207315,6.898030377924442,104.5,10,null,32,0,1377339745000
52.221172652207315,6.898030377924442,104.5,10,null,32,0,1377339746000
52.221172652207315,6.898030377924442,104.5,10,null,32,0,1377339747000
52.221172652207315,6.898030377924442,104.5,10,null,32,0,1377339748000
52.221019,6.8980701,null,85.98999786376953,null,null,null,1377339747401
52.221172652207315,6.898030377924442,104.5,10,null,32,0,1377339749000
52.221181872300804,6.898037418723106,105.20001220703125,10,null,44,0.8131499886512756,1377339750000
52.22117835190147,6.898030210286379,105.29998779296875,10,null,59,0,1377339751000
52.221177723258734,6.898029036819935,105.4000244140625,10,null,118,0.2502000033855438,1377339752000
52.22117566969246,6.8980273604393005,105.4000244140625,10,null,118,0,1377339753000
52.22117566969246,6.8980273604393005,105.4000244140625,10,null,118,0,1377339754000
52.22117566969246,6.8980273604393005,105.4000244140625,15,null,118,0,1377339755000
52.22117566969246,6.8980273604393005,105.4000244140625,15,null,118,0,1377339756000
52.221159492619336,6.898053931072354,104.9000244140625,10,null,146,0.4378499984741211,1377339757000
52.22115773241967,6.898057786747813,104.9000244140625,10,null,159,0.2502000033855438,1377339758000
52.2211562236771,6.8980588763952255,104.5999755859375,10,null,103,0.3127500116825104,1377339759000
52.221158780157566,6.8980547692626715,104.5999755859375,10,null,61,0.9382500052452087,1377339760000
52.221157480962574,6.89805569127202,104.5999755859375,10,null,43,0.06255000084638596,1377339761000
52.22115718759596,6.898058038204908,104.5999755859375,10,null,64,0.5629500150680542,1377339762000
52.22116028890014,6.898063737899065,104.79998779296875,10,null,45,0.4378499984741211,1377339763000
52.22115546930581,6.898066587746143,104.9000244140625,10,null,80,0.06255000084638596,1377339764000
52.22115081734955,6.89806985668838,104.9000244140625,10,null,118,0.3127500116825104,1377339765000
52.22115064971149,6.898071868345141,104.9000244140625,10,null,118,0,1377339766000
52.22115027252585,6.898071197792888,104.79998779296875,10,null,64,0.5004000067710876,1377339767000
52.221150398254395,6.898071365430951,104.79998779296875,10,null,26,0.18765000998973846,1377339768000
52.2210354,6.8980195,null,30,null,null,null,1377339767389
52.221153038553894,6.898069605231285,104.5999755859375,10,null,4,0.18765000998973846,1377339769000
52.221156558953226,6.898063821718097,104.5999755859375,10,null,343,0.6880499720573425,1377339770000
52.22115588840097,6.898061642423272,104.5999755859375,10,null,322,0,1377339771000
52.22115764860064,6.898058960214257,104.29998779296875,10,null,317,0.18765000998973846,1377339772000
52.22115421202034,6.898051584139466,104.29998779296875,10,null,295,0.5004000067710876,1377339773000
52.22115002106875,6.898048399016261,104.20001220703125,10,null,254,0.6880499720573425,1377339774000
52.221144824288785,6.898046722635627,104.20001220703125,10,null,232,0.6880499720573425,1377339775000
52.22114050760865,6.898051416501403,104.20001220703125,10,null,200,0.4378499984741211,1377339776000
52.22113422118127,6.898058708757162,104,10,null,190,0.3127500116825104,1377339777000
52.22112738993019,6.898050075396895,104.0999755859375,10,null,197,0.3127500116825104,1377339778000
52.22112931776792,6.898051667958498,104,10,null,197,0,1377339779000
52.22112931776792,6.898051667958498,104,10,null,197,0,1377339780000
52.22112931776792,6.898051667958498,104,10,null,197,0,1377339781000
52.22112931776792,6.898051667958498,104,10,null,197,0,1377339782000
52.22112931776792,6.898051667958498,104,10,null,197,0,1377339783000
52.22112931776792,6.898051667958498,104,10,null,197,0,1377339784000
52.22112931776792,6.898051667958498,104,10,null,197,0,1377339785000
52.22112931776792,6.898051667958498,104,10,null,197,0,1377339786000
52.22112931776792,6.898051667958498,104,10,null,197,0,1377339787000
52.22112931776792,6.898051667958498,104,10,null,197,0,1377339788000
52.220993,6.8980811,null,31.5,null,null,null,1377339787425
52.22112931776792,6.898051667958498,104,10,null,197,0,1377339789000
52.22112931776792,6.898051667958498,104,10,null,197,0,1377339790000
52.22112931776792,6.898051667958498,104,10,null,197,0,1377339791000
52.22112931776792,6.898051667958498,104,10,null,197,0,1377339792000
52.221142309717834,6.898057870566845,104.20001220703125,10,null,176,0.4378499984741211,1377339793000
52.22113355062902,6.898070862516761,104.4000244140625,10,null,164,0.8131499886512756,1377339794000
52.22112365998328,6.89807865768671,104.5999755859375,10,null,158,0.8131499886512756,1377339795000
52.22108204383403,6.898074131458998,104.5999755859375,10,null,160,1.376099944114685,1377339796000
52.221059747971594,6.898076059296727,104.5,10,null,162,1.4386500120162964,1377339797000
52.22104013431817,6.898075640201569,104.20001220703125,10,null,166,1.3135499954223633,1377339798000
52.22102081403136,6.898085614666343,103.9000244140625,10,null,163,1.5012000799179077,1377339799000
52.22099952399731,6.898104976862669,103.79998779296875,10,null,158,2.1892499923706055,1377339800000
52.22097098361701,6.898137833923101,103.9000244140625,10,null,156,2.689650058746338,1377339801000
52.22094960976392,6.898172115907073,103.4000244140625,10,null,154,2.5645501613616943,1377339802000
52.22092848736793,6.898210421204567,102.70001220703125,10,null,152,2.5645501613616943,1377339803000
52.220909502357244,6.898233387619257,102.4000244140625,10,null,152,2.5645501613616943,1377339804000
52.22088385373354,6.898252163082361,101.79998779296875,10,null,153,2.75219988822937,1377339805000
52.22086000721902,6.898268004879355,101.5999755859375,10,null,152,2.6270999908447266,1377339806000
52.22083289176226,6.898294072598219,101.4000244140625,10,null,151,2.939849853515625,1377339807000
52.220809422433376,6.8983186315745115,101.0999755859375,10,null,150,2.8773000240325928,1377339808000
52.220816,6.8980773,null,30,null,null,null,1377339807396
52.22078850958496,6.898340927436948,100.9000244140625,10,null,148,2.689650058746338,1377339809000
52.22076399251819,6.898361882194877,100.70001220703125,10,null,154,3.127500057220459,1377339810000
52.22074169665575,6.8983822502195835,100.4000244140625,10,null,152,2.4394497871398926,1377339811000
52.22071642521769,6.898405719548464,100.20001220703125,10,null,152,2.689650058746338,1377339812000
52.22069220151752,6.898422986268997,100.0999755859375,10,null,155,2.5645501613616943,1377339813000
52.22066655289382,6.898443773388863,100,10,null,154,2.6270999908447266,1377339814000
52.220642790198326,6.898461459204555,100,10,null,154,2.5645501613616943,1377339815000
52.22061806358397,6.898478139191866,100.0999755859375,10,null,153,2.3768999576568604,1377339816000
52.22059233114123,6.8984974175691605,100.20001220703125,10,null,152,2.939849853515625,1377339817000
52.220570370554924,6.898515187203884,100,10,null,154,2.251800060272217,1377339818000
52.22054128535092,6.898556845262647,99,10,null,152,2.251800060272217,1377339819000
52.220531101338565,6.898574698716402,98.4000244140625,10,null,153,1.8765000104904175,1377339820000
52.22050901502371,6.89860537648201,97.70001220703125,10,null,148,2.4394497871398926,1377339821000
52.22048290539533,6.898644687607884,97.29998779296875,10,null,140,3.1900501251220703,1377339822000
52.2204629983753,6.898672599345446,97.29998779296875,10,null,142,2.3768999576568604,1377339823000
52.220439151860774,6.898695398122072,97.20001220703125,10,null,148,1.8139500617980957,1377339824000
52.22041761036962,6.898715095594525,97.20001220703125,10,null,153,1.9390499591827393,1377339825000
52.22040105611086,6.898727919906378,97.29998779296875,10,null,155,1.8139500617980957,1377339826000
52.22038605250418,6.898733787238598,97.29998779296875,10,null,156,1.5637500286102295,1377339827000
52.220373479649425,6.898742923513055,97.29998779296875,10,null,150,0.9382500052452087,1377339828000
52.220363547094166,6.898750802502036,97.29998779296875,10,null,148,0.5629500150680542,1377339829000
52.2204045,6.8986454,null,30,null,null,null,1377339827971
52.22034795675427,6.89876027405262,97.20001220703125,10,null,149,0.6880499720573425,1377339830000
52.22033278550953,6.898755077272654,97.20001220703125,10,null,163,0.6880499720573425,1377339831000
52.22030977718532,6.8987468630075455,97.20001220703125,10,null,176,1.4386500120162964,1377339832000
52.22028207499534,6.898739151656628,97.20001220703125,10,null,178,2.4394497871398926,1377339833000
52.2202486731112,6.898738648742437,97.20001220703125,10,null,178,2.8773000240325928,1377339834000
52.22022206056863,6.898736637085676,97.4000244140625,10,null,176,2.8147499561309814,1377339835000
52.22019255626947,6.898740325123072,97.5,10,null,173,3.0024001598358154,1377339836000
52.22016762010753,6.898743594065309,97.70001220703125,10,null,172,2.5645501613616943,1377339837000
52.220138534903526,6.898749629035592,98,10,null,172,2.8773000240325928,1377339838000
52.220109114423394,6.898756083101034,98.29998779296875,10,null,172,2.75219988822937,1377339839000
52.22007726319134,6.898765051737428,98.5,10,null,171,3.0649499893188477,1377339840000
52.22004612442106,6.898768320679665,98.5999755859375,10,null,172,2.6270999908447266,1377339841000
52.220019469968975,6.898771421983838,98.70001220703125,10,null,172,2.6270999908447266,1377339842000
52.21999361179769,6.898773517459631,98.79998779296875,10,null,173,2.75219988822937,1377339843000
52.219964023679495,6.898775026202202,99,10,null,177,3.0024001598358154,1377339844000
52.21993724349886,6.898776451125741,99.20001220703125,10,null,175,2.502000093460083,1377339845000
52.21991067286581,6.898777289316058,99.5,10,null,175,2.502000093460083,1377339846000
52.21988506615162,6.8987795524299145,99.5999755859375,10,null,173,2.6270999908447266,1377339847000
52.219862435013056,6.898782318457961,99.70001220703125,10,null,171,2.3768999576568604,1377339848000
52.21984022296965,6.898780977353454,99.79998779296875,10,null,172,2.4394497871398926,1377339849000
52.219819142483175,6.8987777922302485,100,10,null,174,2.126699924468994,1377339850000
52.21979785244912,6.898781564086676,100.20001220703125,10,null,172,2.1892499923706055,1377339851000
52.21977924462408,6.898785503581166,100.4000244140625,10,null,169,2.064150094985962,1377339852000
52.21976579166949,6.898787850514054,100.29998779296875,10,null,171,1.5012000799179077,1377339853000
52.2196657,6.8987759,null,30,null,null,null,1377339852425
52.21975171007216,6.898787515237927,100.5999755859375,10,null,174,1.6262999773025513,1377339854000
52.21973968204111,6.8987842462956905,100.70001220703125,10,null,176,1.5637500286102295,1377339855000
52.219728701747954,6.898786425590515,100.9000244140625,10,null,174,1.688849925994873,1377339856000
52.219714117236435,6.898791454732418,101.0999755859375,10,null,175,1.9390499591827393,1377339857000
52.21970326267183,6.898791706189513,101.4000244140625,10,null,176,1.2510000467300415,1377339858000
52.219690941274166,6.8987904489040375,101.9000244140625,10,null,174,1.6262999773025513,1377339859000
52.21968017052859,6.898788269609213,102.20001220703125,10,null,175,1.4386500120162964,1377339860000
52.21966801676899,6.898788772523403,102.4000244140625,10,null,175,1.1884499788284302,1377339861000
52.219656240195036,6.898787179961801,102.9000244140625,10,null,174,1.376099944114685,1377339862000
52.21964618191123,6.8987854197621346,103,10,null,178,0.7506000399589539,1377339863000
52.21963335759938,6.898781647905707,103.4000244140625,10,null,181,1.0008000135421753,1377339864000
52.21961525268853,6.898776534944773,103.5,10,null,182,1.376099944114685,1377339865000
52.21959840506315,6.898777456954122,103.29998779296875,10,null,181,1.4386500120162964,1377339866000
52.21958331763744,6.898784916847944,103.20001220703125,10,null,168,1.1259000301361084,1377339867000
52.21957615111023,6.8988213781267405,102.5,10,null,153,1.4386500120162964,1377339868000
52.2195856,6.8988522,null,42,null,null,null,1377339867405
52.21956957131624,6.898858845233917,102,10,null,142,1.688849925994873,1377339869000
52.21956110559404,6.8989029340445995,101.5999755859375,10,null,133,2.251800060272217,1377339870000
52.21955737564713,6.898948028683662,101.0999755859375,10,null,122,2.689650058746338,1377339871000
52.21955653745681,6.898997398093343,100.5999755859375,10,null,102,3.2525999546051025,1377339872000
52.219555070623755,6.899049784988165,100.0999755859375,10,null,96,3.377699851989746,1377339873000
52.21955318469554,6.899105105549097,99.70001220703125,10,null,95,3.4402499198913574,1377339874000
52.21955347806215,6.899158917367458,99.29998779296875,10,null,91,3.4402499198913574,1377339875000
52.21955431625247,6.899211388081312,99,10,null,92,3.5027999877929688,1377339876000
52.21955075394362,6.899265283718705,98.79998779296875,10,null,95,3.2525999546051025,1377339877000
52.21954706590623,6.899317419156432,98.5999755859375,10,null,95,3.315150022506714,1377339878000
52.21954429987818,6.899365363642573,98.29998779296875,10,null,91,2.6270999908447266,1377339879000
52.21954174339771,6.899413391947746,97.9000244140625,10,null,90,3.0649499893188477,1377339880000
52.21954086329788,6.899461671710014,97.70001220703125,10,null,88,3.0024001598358154,1377339881000
52.21953956410289,6.89950886182487,97.5999755859375,10,null,88,2.8773000240325928,1377339882000
52.21953608561307,6.89955429174006,97.5999755859375,10,null,91,2.75219988822937,1377339883000
52.219530302099884,6.899595865979791,97.5,10,null,93,2.6270999908447266,1377339884000
52.219525021500885,6.899633416905999,97.29998779296875,10,null,93,2.1892499923706055,1377339885000
52.219517854973674,6.899671386927366,97.20001220703125,10,null,93,2.126699924468994,1377339886000
52.21951244864613,6.899705333635211,97,10,null,93,1.9390499591827393,1377339887000
52.21951089799404,6.8997399508953094,97.0999755859375,10,null,92,2.064150094985962,1377339888000
52.21951001789421,6.899770712479949,97.0999755859375,10,null,92,1.9390499591827393,1377339889000
52.219512281008065,6.899800132960081,97.0999755859375,10,null,91,1.9390499591827393,1377339890000
52.2196208,6.8994196,null,37.5,null,null,null,1377339888831
52.21951546613127,6.899831062182784,97.0999755859375,10,null,90,2.064150094985962,1377339891000
52.21952317748219,6.899861739948392,97,10,null,91,2.064150094985962,1377339892000
52.21952648833394,6.8998936749994755,96.5999755859375,10,null,92,2.502000093460083,1377339893000
52.21953013446182,6.899928878992796,95.79998779296875,10,null,93,2.8147499561309814,1377339894000
52.21953269094229,6.8999728839844465,95.4000244140625,10,null,89,3.1900501251220703,1377339895000
52.21953277476132,6.900024181231856,95.4000244140625,10,null,89,3.315150022506714,1377339896000
52.219529463909566,6.900073383003473,95.4000244140625,10,null,97,3.377699851989746,1377339897000
52.21952275838703,6.900126775726676,95.4000244140625,10,null,99,3.377699851989746,1377339898000
52.219513077288866,6.900180000811815,95.4000244140625,5,null,108,3.6904499530792236,1377339899000
52.21950930543244,6.900237752124667,95.5,5,null,98,3.753000020980835,1377339900000
52.21951060462743,6.9002847746014595,95.5,5,null,93,2.8147499561309814,1377339901000
52.219511275179684,6.900324001908302,95.5,5,null,92,2.1892499923706055,1377339902000
52.219509850256145,6.900355350226164,95.5,5,null,92,1.6262999773025513,1377339903000
52.21950725186616,6.900383597239852,95.4000244140625,5,null,93,1.7513999938964844,1377339904000
52.21950456965715,6.900408994406462,95.29998779296875,5,null,94,1.688849925994873,1377339905000
52.21950440201908,6.900433469563723,95.5,5,null,94,1.688849925994873,1377339906000
52.21950645558536,6.900455765426159,95.5999755859375,5,null,93,1.4386500120162964,1377339907000
52.219511568546295,6.900474708527327,95.70001220703125,5,null,82,1.1884499788284302,1377339908000
52.219521082006395,6.900495830923319,95.79998779296875,5,null,78,1.6262999773025513,1377339909000
52.2195321880281,6.9005209766328335,95.9000244140625,5,null,71,2.0016000270843506,1377339910000
52.2195311,6.8998284,null,52.5,null,null,null,1377339909059
52.219547778367996,6.900542518123984,96,5,null,60,2.064150094985962,1377339911000
52.21956148277968,6.900562467053533,95.9000244140625,5,null,53,1.8765000104904175,1377339912000
52.219568942673504,6.900582751259208,95.79998779296875,5,null,54,1.5637500286102295,1377339913000
52.21957677975297,6.900602700188756,95.70001220703125,10,null,54,1.5012000799179077,1377339914000
52.21958679612726,6.900619547814131,95.70001220703125,10,null,58,1.5012000799179077,1377339915000
52.21959237009287,6.900641927495599,95.5999755859375,10,null,64,1.688849925994873,1377339916000
52.21959333401173,6.900663385167718,95.5,10,null,72,1.4386500120162964,1377339917000
52.21959501039237,6.90068643540144,95.4000244140625,10,null,73,1.4386500120162964,1377339918000
52.219594423659146,6.900709820911288,95.4000244140625,10,null,77,1.376099944114685,1377339919000
52.21959274727851,6.900733122602105,95.29998779296875,10,null,82,1.1884499788284302,1377339920000
52.21959459129721,6.900754244998097,95.20001220703125,10,null,83,1.376099944114685,1377339921000
52.21960167400539,6.9007704220712185,95.20001220703125,10,null,76,1.1884499788284302,1377339922000
52.219603643752635,6.900788359344006,95.20001220703125,10,null,81,1.1259000301361084,1377339923000
52.219603224657476,6.900804787874222,95.20001220703125,10,null,84,0.6880499720573425,1377339924000
52.21960938535631,6.90081006847322,95.20001220703125,10,null,62,0.4378499984741211,1377339925000
52.219613953493536,6.900811996310949,95.0999755859375,10,null,40,0.37530001997947693,1377339926000
52.219617390073836,6.9008140079677105,95.0999755859375,10,null,31,0.2502000033855438,1377339927000
52.2196252271533,6.900813924148679,95.0999755859375,10,null,25,0.5004000067710876,1377339928000
52.219636626541615,6.900811577215791,95.20001220703125,10,null,18,0.8756999969482422,1377339929000
52.21964970231056,6.900813337415457,95.79998779296875,10,null,15,0.3127500116825104,1377339930000
52.21964668482542,6.9008128345012665,95.5999755859375,10,null,30,0,1377339931000
52.219656868837774,6.900815349072218,96.20001220703125,10,null,30,0,1377339932000
52.21966315526515,6.900818282738328,96.70001220703125,10,null,70,0.5629500150680542,1377339933000
52.2195896,6.9008628,null,37.5,null,null,null,1377339932228
52.21966801676899,6.900819959118962,97.0999755859375,10,null,102,0.18765000998973846,1377339934000
52.21966692712158,6.900817360728979,97.20001220703125,10,null,138,0.8131499886512756,1377339935000
52.21967065706849,6.900817444548011,97.4000244140625,10,null,146,0.2502000033855438,1377339936000
52.21966843586415,6.900818701833487,97.5999755859375,10,null,143,0.18765000998973846,1377339937000
52.219667471945286,6.900819623842835,97.79998779296875,10,null,143,0,1377339938000
52.219667471945286,6.900819623842835,97.79998779296875,10,null,143,0,1377339939000
52.219667471945286,6.900819623842835,97.79998779296875,10,null,143,0,1377339940000
52.219667471945286,6.900819623842835,97.79998779296875,10,null,143,0,1377339941000
52.219667471945286,6.900819623842835,97.79998779296875,10,null,143,0,1377339942000
52.21967866178602,6.900821551680565,98.70001220703125,10,null,135,0.4378499984741211,1377339943000
52.21967413555831,6.900831442326307,98.70001220703125,10,null,132,0.5629500150680542,1377339944000
52.21967949997634,6.900840327143669,99,10,null,114,0.4378499984741211,1377339945000
52.2196873370558,6.900845691561699,99.4000244140625,10,null,77,0.1251000016927719,1377339946000
52.21969370730221,6.900849882513285,100.0999755859375,10,null,65,0.06255000084638596,1377339947000
52.21969957463443,6.900854492560029,100.5999755859375,10,null,94,0.4378499984741211,1377339948000
52.21970787271857,6.900861281901598,101.29998779296875,10,null,77,0.18765000998973846,1377339949000
52.21971646416932,6.900859102606773,101.5999755859375,10,null,74,0,1377339950000
52.219724049791694,6.900856839492917,101.9000244140625,10,null,74,0,1377339951000
52.219724049791694,6.900856839492917,101.9000244140625,10,null,74,0,1377339952000
52.2195852,6.9008555,null,37.5,null,null,null,1377339951065
52.21973666455597,6.9008611142635345,102.5,10,null,70,0.5629500150680542,1377339953000
52.21974378917366,6.900857677683234,102.4000244140625,10,null,37,0.6255000233650208,1377339954000
52.21976285800338,6.900863461196423,103.5999755859375,10,null,25,0.4378499984741211,1377339955000
52.21977932844311,6.900877291336656,104.5999755859375,10,null,22,0.4378499984741211,1377339956000
52.21977605950087,6.900892378762364,104.5999755859375,10,null,44,0.5004000067710876,1377339957000
52.21977995708585,6.900909896939993,105.0999755859375,10,null,56,0.8131499886512756,1377339958000
52.21978263929486,6.900927666574717,105.29998779296875,10,null,66,1.1259000301361084,1377339959000
52.219783435575664,6.9009441789239645,105.29998779296875,10,null,76,1.0008000135421753,1377339960000
52.21978569868952,6.900957338511944,105.20001220703125,10,null,76,1.0008000135421753,1377339961000
52.219790602102876,6.900966055691242,105.20001220703125,10,null,74,0.6880499720573425,1377339962000
52.219792949035764,6.9009751081466675,105.20001220703125,10,null,71,0.6255000233650208,1377339963000
52.21980246249586,6.900975359603763,105.29998779296875,10,null,68,0.6880499720573425,1377339964000
52.2197919851169,6.900980975478888,105.0999755859375,10,null,71,0.37530001997947693,1377339965000
52.219776646234095,6.900989441201091,104.79998779296875,10,null,83,0.4378499984741211,1377339966000
52.219760552980006,6.9009854178875685,104.4000244140625,10,null,118,0.4378499984741211,1377339967000
52.2197584155947,6.900995643809438,106.29998779296875,10,null,148,0.8131499886512756,1377339968000
52.21973896957934,6.900976030156016,105.5999755859375,10,null,176,1.1259000301361084,1377339969000
52.21971709281206,6.900939652696252,104.20001220703125,10,null,201,1.5637500286102295,1377339970000
52.21968658268452,6.900888858363032,103.20001220703125,10,null,219,1.5637500286102295,1377339971000
52.21967459656298,6.900853319093585,102.29998779296875,10,null,226,1.9390499591827393,1377339972000
52.219662610441446,6.900817444548011,101.4000244140625,10,null,231,2.0016000270843506,1377339973000
52.219650372862816,6.900782827287912,100.79998779296875,10,null,234,2.126699924468994,1377339974000
52.219639644026756,6.900751395151019,100.20001220703125,10,null,238,2.0016000270843506,1377339975000
52.21963159739971,6.900720382109284,99.9000244140625,10,null,242,1.8139500617980957,1377339976000
52.219619108363986,6.900695404037833,99.9000244140625,10,null,240,1.688849925994873,1377339977000
52.21961248666048,6.900667995214462,99.70001220703125,10,null,245,1.376099944114685,1377339978000
52.21960226073861,6.9006522372365,99.4000244140625,10,null,241,0.5629500150680542,1377339979000
52.21959530375898,6.900631282478571,99.29998779296875,10,null,242,1.1259000301361084,1377339980000
52.2206523,6.8970729,null,883,null,null,null,1377339979356
52.219588262960315,6.900603286921978,99.0999755859375,10,null,246,1.376099944114685,1377339981000
52.21959010697901,6.900568837299943,99.0999755859375,10,null,247,1.688849925994873,1377339982000
52.21958281472325,6.900540590286255,99,10,null,246,1.7513999938964844,1377339983000
52.21957636065781,6.900513516739011,98.79998779296875,10,null,248,1.688849925994873,1377339984000
52.2195639135316,6.900492142885923,98.5,10,null,247,1.8139500617980957,1377339985000
52.21955322660506,6.900468757376075,98.4000244140625,10,null,248,1.7513999938964844,1377339986000
52.21954015083611,6.9004447013139725,98.29998779296875,10,null,248,1.8139500617980957,1377339987000
52.219532020390034,6.900419974699616,98.0999755859375,10,null,244,1.688849925994873,1377339988000
52.2195269074291,6.900396253913641,97.9000244140625,10,null,244,1.5012000799179077,1377339989000
52.21952275838703,6.900371024385095,97.79998779296875,10,null,246,1.5012000799179077,1377339990000
52.21953327767551,6.9003380835056305,97.9000244140625,10,null,248,1.5012000799179077,1377339991000
52.21953411586583,6.900309752672911,98.29998779296875,10,null,250,1.4386500120162964,1377339992000
52.21953851636499,6.900293659418821,98.4000244140625,5,null,256,0.5004000067710876,1377339993000
52.21954417414963,6.900283517315984,98.5,5,null,275,0.5004000067710876,1377339994000
52.2194718,6.9001015,null,30,null,null,null,1377339993202
52.21954652108252,6.900275722146034,98.5,5,null,280,0.37530001997947693,1377339995000
52.21954953856766,6.900268848985434,98.5,5,null,280,0.37530001997947693,1377339996000
52.219555573537946,6.900264909490943,98.20001220703125,5,null,284,0.2502000033855438,1377339997000
52.21955586690456,6.900263484567404,98.29998779296875,5,null,284,0,1377339998000
52.21955586690456,6.900263484567404,98.29998779296875,5,null,284,0,1377339999000
52.21955586690456,6.900263484567404,98.29998779296875,5,null,284,0,1377340000000
52.21955586690456,6.900263484567404,98.29998779296875,5,null,284,0,1377340001000
52.21955586690456,6.900263484567404,98.29998779296875,5,null,284,0,1377340002000
52.21955586690456,6.900263484567404,98.29998779296875,5,null,284,0,1377340003000
52.21955586690456,6.900263484567404,98.29998779296875,5,null,284,0,1377340004000
52.21955586690456,6.900263484567404,98.29998779296875,5,null,284,0,1377340005000
52.21955586690456,6.900263484567404,98.29998779296875,5,null,284,0,1377340006000
52.21955586690456,6.900263484567404,98.29998779296875,5,null,284,0,1377340007000
52.21955586690456,6.900263484567404,98.29998779296875,5,null,284,0,1377340008000
52.21955586690456,6.900263484567404,98.29998779296875,5,null,284,0,1377340009000
52.2194957,6.89981,null,45,null,null,null,1377340007694
52.21955586690456,6.900263484567404,98.29998779296875,5,null,284,0,1377340010000
52.21957615111023,6.9003742095083,92.70001220703125,5,null,287,0.06255000084638596,1377340013000
52.2195632,6.8998221,null,48,null,null,null,1377340013307
52.21959672868252,6.900391476228833,89.5,10,null,292,0,1377340014000
52.219586544670165,6.900397595018148,83.5999755859375,5,null,73,0.06255000084638596,1377340022000
52.21956173423678,6.900314027443528,91.5,5,null,186,0.1251000016927719,1377340024000
52.2194751,6.9000111,null,40.5,null,null,null,1377340039668
52.21955980639905,6.900288043543696,97.0999755859375,5,null,140,0,1377340042000
52.21955980639905,6.900288043543696,97.0999755859375,5,null,140,0,1377340043000
52.21955980639905,6.900288043543696,97.0999755859375,5,null,140,0,1377340044000
52.21955980639905,6.900288043543696,97.0999755859375,5,null,140,0,1377340045000
52.21955980639905,6.900288043543696,97.0999755859375,5,null,140,0,1377340046000
52.21955980639905,6.900288043543696,97.0999755859375,5,null,140,0,1377340047000
52.21955980639905,6.900288043543696,97.0999755859375,5,null,140,0,1377340048000
52.21955980639905,6.900288043543696,97.0999755859375,5,null,140,0,1377340049000
52.21955980639905,6.900288043543696,97.0999755859375,5,null,140,0,1377340050000
52.21955980639905,6.900288043543696,97.0999755859375,5,null,140,0,1377340051000
52.21955980639905,6.900288043543696,97.0999755859375,5,null,140,0,1377340052000
52.21955980639905,6.900288043543696,97.0999755859375,5,null,140,0,1377340053000
52.21955980639905,6.900288043543696,97.0999755859375,5,null,140,0,1377340054000
52.21955980639905,6.900288043543696,97.0999755859375,5,null,140,0,1377340055000
52.21955980639905,6.900288043543696,97.0999755859375,5,null,140,0,1377340056000
52.21955980639905,6.900288043543696,97.0999755859375,5,null,140,0,1377340057000
52.21955980639905,6.900288043543696,97.0999755859375,5,null,140,0,1377340058000
52.21955980639905,6.900288043543696,97.0999755859375,5,null,140,0,1377340059000
52.21955980639905,6.900288043543696,97.0999755859375,5,null,140,0,1377340060000
52.21955980639905,6.900288043543696,97.0999755859375,5,null,140,0,1377340061000
52.2195308,6.8998617,null,43.5,null,null,null,1377340059659
52.21955980639905,6.900288043543696,97.0999755859375,5,null,140,0,1377340062000
52.21955980639905,6.900288043543696,97.0999755859375,5,null,140,0,1377340063000
52.21955980639905,6.900288043543696,97.0999755859375,5,null,140,0,1377340064000
52.21955980639905,6.900288043543696,97.0999755859375,5,null,140,0,1377340065000
52.21955980639905,6.900288043543696,97.0999755859375,5,null,140,0,1377340066000
52.21955980639905,6.900288043543696,97.0999755859375,5,null,140,0,1377340067000
52.21955980639905,6.900288043543696,97.0999755859375,5,null,140,0,1377340068000
52.21955980639905,6.900288043543696,97.0999755859375,5,null,140,0,1377340069000
52.21955980639905,6.900288043543696,97.0999755859375,5,null,140,0,1377340070000
52.21955980639905,6.900288043543696,97.0999755859375,5,null,140,0,1377340071000
52.21955980639905,6.900288043543696,97.0999755859375,5,null,140,0,1377340072000
52.21955980639905,6.900288043543696,97.0999755859375,5,null,140,0,1377340073000
52.21955980639905,6.900288043543696,97.0999755859375,5,null,140,0,1377340074000
52.21955980639905,6.900288043543696,97.0999755859375,5,null,140,0,1377340075000
52.21955980639905,6.900288043543696,97.0999755859375,5,null,140,0,1377340076000
52.21955980639905,6.900288043543696,97.0999755859375,5,null,140,0,1377340077000
52.21955980639905,6.900288043543696,97.0999755859375,5,null,140,0,1377340078000
52.21955980639905,6.900288043543696,97.0999755859375,5,null,140,0,1377340079000
52.21955980639905,6.900288043543696,97.0999755859375,5,null,140,0,1377340080000
52.21955980639905,6.900288043543696,97.0999755859375,5,null,140,0,1377340081000
52.2194774,6.9001306,null,30,null,null,null,1377340079747
52.21955980639905,6.900288043543696,97.0999755859375,5,null,140,0,1377340082000
52.21955980639905,6.900288043543696,97.0999755859375,5,null,140,0,1377340083000
52.21955980639905,6.900288043543696,97.0999755859375,5,null,140,0,1377340084000
52.21955980639905,6.900288043543696,97.0999755859375,5,null,140,0,1377340085000
52.21955980639905,6.900288043543696,97.0999755859375,5,null,140,0,1377340086000
52.21955980639905,6.900288043543696,97.0999755859375,5,null,140,0,1377340087000
52.21955980639905,6.900288043543696,97.0999755859375,5,null,140,0,1377340088000
52.21955980639905,6.900288043543696,97.0999755859375,5,null,140,0,1377340089000
52.21955980639905,6.900288043543696,97.0999755859375,5,null,140,0,1377340090000
52.21955980639905,6.900288043543696,97.0999755859375,5,null,140,0,1377340091000
52.21955980639905,6.900288043543696,97.0999755859375,5,null,140,0,1377340092000
52.21955980639905,6.900288043543696,97.0999755859375,5,null,140,0,1377340093000
52.21955980639905,6.900288043543696,97.0999755859375,5,null,140,0,1377340094000
52.21955980639905,6.900288043543696,97.0999755859375,5,null,140,0,1377340095000
52.21955980639905,6.900288043543696,97.0999755859375,5,null,140,0,1377340096000
52.21955980639905,6.900288043543696,97.0999755859375,5,null,140,0,1377340097000
52.21955980639905,6.900288043543696,97.0999755859375,5,null,140,0,1377340098000
52.21955980639905,6.900288043543696,97.0999755859375,5,null,140,0,1377340099000
52.21955980639905,6.900288043543696,97.0999755859375,5,null,140,0,1377340100000
52.21955980639905,6.900288043543696,97.0999755859375,5,null,140,0,1377340101000
52.21955980639905,6.900288043543696,97.0999755859375,5,null,140,0,1377340102000
52.21955980639905,6.900288043543696,97.0999755859375,5,null,140,0,1377340103000
52.21955980639905,6.900288043543696,97.0999755859375,5,null,140,0,1377340104000
52.21955980639905,6.900288043543696,97.0999755859375,5,null,140,0,1377340105000
52.21955980639905,6.900288043543696,97.0999755859375,5,null,140,0,1377340106000
52.2195081,6.9002474,null,48.970001220703125,null,null,null,1377340104709
52.21955980639905,6.900288043543696,97.0999755859375,5,null,140,0,1377340107000
52.21955980639905,6.900288043543696,97.0999755859375,5,null,140,0,1377340108000
52.21955980639905,6.900288043543696,97.0999755859375,5,null,140,0,1377340109000
52.21955980639905,6.900288043543696,97.0999755859375,5,null,140,0,1377340110000
52.21955980639905,6.900288043543696,97.0999755859375,5,null,140,0,1377340111000
52.21955980639905,6.900288043543696,97.0999755859375,5,null,140,0,1377340112000
52.21955980639905,6.900288043543696,97.0999755859375,5,null,140,0,1377340113000
52.21955980639905,6.900288043543696,97.0999755859375,5,null,140,0,1377340114000
52.21955980639905,6.900288043543696,97.0999755859375,5,null,140,0,1377340115000
52.21955980639905,6.900288043543696,97.0999755859375,5,null,140,0,1377340116000
52.21955980639905,6.900288043543696,97.0999755859375,5,null,140,0,1377340117000
52.21955980639905,6.900288043543696,97.0999755859375,5,null,140,0,1377340118000
52.21955980639905,6.900288043543696,97.0999755859375,5,null,140,0,1377340119000
52.21955980639905,6.900288043543696,97.0999755859375,5,null,140,0,1377340120000
52.21955980639905,6.900288043543696,97.0999755859375,5,null,140,0,1377340121000
52.21955980639905,6.900288043543696,97.0999755859375,5,null,140,0,1377340122000
52.21955980639905,6.900288043543696,97.0999755859375,5,null,140,0,1377340123000
52.21955980639905,6.900288043543696,97.0999755859375,5,null,140,0,1377340124000
52.2196464,6.9000582,null,31.5,null,null,null,1377340123350
52.21955980639905,6.900288043543696,97.0999755859375,5,null,140,0,1377340125000
52.21955980639905,6.900288043543696,97.0999755859375,5,null,140,0,1377340126000
52.21955980639905,6.900288043543696,97.0999755859375,5,null,140,0,1377340127000
52.21955980639905,6.900288043543696,97.0999755859375,5,null,140,0,1377340128000
52.21958964597434,6.900242865085602,92.5,5,null,177,0.5629500150680542,1377340129000
52.219584910199046,6.900233142077923,92.79998779296875,5,null,203,0.7506000399589539,1377340130000
52.2195779113099,6.900224927812815,92.79998779296875,5,null,213,0.8756999969482422,1377340131000
52.2195681463927,6.9002170488238335,92.5999755859375,5,null,216,1.1884499788284302,1377340132000
52.219559513032436,6.900199530646205,92.70001220703125,5,null,222,1.4386500120162964,1377340133000
52.21955322660506,6.900169355794787,92.79998779296875,5,null,233,1.9390499591827393,1377340134000
52.21954983193427,6.900134403258562,93,5,null,243,2.0016000270843506,1377340135000
52.219551927410066,6.9000983610749245,93.29998779296875,5,null,256,2.251800060272217,1377340136000
52.21955804619938,6.900060558691621,93.5,5,null,266,2.1892499923706055,1377340137000
52.21956563182175,6.900023426860571,93.5,5,null,274,2.6270999908447266,1377340138000
52.21956638619304,6.8999802600592375,93.5,5,null,273,2.75219988822937,1377340139000
52.21956755965948,6.899933740496635,93.4000244140625,5,null,270,3.0649499893188477,1377340140000
52.21957191824913,6.899886382743716,93.5,5,null,273,2.8147499561309814,1377340141000
52.2195567,6.9000312,null,37.5,null,null,null,1377340139852
52.21956274006516,6.899855453521013,93.5999755859375,10,null,271,2.6270999908447266,1377340142000
52.219559722580016,6.899815471842885,93.79998779296875,10,null,273,2.314349889755249,1377340143000
52.21955984830856,6.899780016392469,93.9000244140625,10,null,272,2.502000093460083,1377340144000
52.219554358161986,6.899743722751737,94.0999755859375,10,null,266,2.5645501613616943,1377340145000
52.219549412839115,6.899705501273274,94,10,null,263,2.75219988822937,1377340146000
52.219555573537946,6.899653198197484,94.20001220703125,10,null,266,2.8773000240325928,1377340147000
52.219561147503555,6.899604331701994,94.29998779296875,10,null,270,2.939849853515625,1377340148000
52.21957426518202,6.899552531540394,94.5999755859375,10,null,284,3.2525999546051025,1377340149000
52.21957862377167,6.899515148252249,94.5999755859375,10,null,286,2.3768999576568604,1377340150000
52.21958034206182,6.899478519335389,94.79998779296875,10,null,285,2.4394497871398926,1377340151000
52.21958465874195,6.899435101076961,94.79998779296875,10,null,283,2.689650058746338,1377340152000
52.21958780195564,6.899393107742071,94.70001220703125,10,null,282,2.939849853515625,1377340153000
52.21958352718502,6.8993529584258795,94.70001220703125,10,null,281,2.939849853515625,1377340154000
52.21958759240806,6.899314904585481,94.79998779296875,10,null,279,2.8147499561309814,1377340155000
52.21958889160305,6.899271570146084,94.9000244140625,10,null,277,2.5645501613616943,1377340156000
52.219587047584355,6.8992327619344,95,10,null,275,2.4394497871398926,1377340157000
52.2195940464735,6.8991889245808125,95,10,null,276,2.502000093460083,1377340158000
52.219599578529596,6.899148020893335,95,10,null,276,2.5645501613616943,1377340159000
52.219604649581015,6.899108961224556,95.29998779296875,10,null,278,2.4394497871398926,1377340160000
52.219599997624755,6.899066464975476,95.4000244140625,10,null,276,2.4394497871398926,1377340161000
52.2195919,6.8994655,null,30,null,null,null,1377340159907
52.219595555216074,6.899024555459619,95.20001220703125,10,null,274,2.502000093460083,1377340162000
52.2195974830538,6.898987088352442,95.4000244140625,10,null,275,2.3768999576568604,1377340163000
52.21960188355297,6.898954315111041,95.4000244140625,10,null,276,2.251800060272217,1377340164000
52.21960188355297,6.898926151916385,95.4000244140625,10,null,276,1.9390499591827393,1377340165000
52.21959911752492,6.898894133046269,95.5999755859375,10,null,270,1.8765000104904175,1377340166000
52.21959660295397,6.8988684844225645,95.70001220703125,5,null,268,1.5637500286102295,1377340167000
52.21959408838302,6.898843003436923,95.9000244140625,10,null,269,1.5012000799179077,1377340168000
52.21959547139704,6.898816851899028,96.0999755859375,10,null,272,1.5637500286102295,1377340169000
52.21959660295397,6.898793131113052,96.29998779296875,10,null,277,1.1259000301361084,1377340170000
52.21959882415831,6.898772595450282,96.4000244140625,10,null,283,1.2510000467300415,1377340171000
52.21960326656699,6.898748287931085,96.4000244140625,10,null,287,1.376099944114685,1377340172000
52.21960230264813,6.898727333173156,96.5,10,null,286,1.3135499954223633,1377340173000
52.21959815360606,6.898699002340436,96.5,10,null,285,1.5637500286102295,1377340174000
52.219590903259814,6.898663127794862,96.29998779296875,10,null,273,2.1892499923706055,1377340175000
52.219563159160316,6.898637479171157,95.79998779296875,10,null,254,1.688849925994873,1377340176000
52.21954953856766,6.898605963215232,95.5,10,null,252,1.9390499591827393,1377340177000
52.21952657215297,6.898552570492029,94.70001220703125,10,null,253,2.4394497871398926,1377340178000
52.21950821578503,6.8985089007765055,94.0999755859375,10,null,250,2.502000093460083,1377340179000
52.21949874423444,6.898472271859646,94,10,null,248,2.689650058746338,1377340180000
52.219490613788366,6.898434720933437,93.79998779296875,10,null,247,2.251800060272217,1377340181000
52.2196217,6.8989308,null,25.211999893188477,null,null,null,1377340179856
52.21948629710823,6.89839968457818,93.79998779296875,10,null,250,2.126699924468994,1377340182000
52.21948336344212,6.898367078974843,93.70001220703125,10,null,252,2.064150094985962,1377340183000
52.219479298219085,6.898340592160821,93.70001220703125,10,null,255,1.7513999938964844,1377340184000
52.21947942394763,6.898313602432609,93.70001220703125,10,null,258,1.6262999773025513,1377340185000
52.219480723142624,6.898290636017919,93.79998779296875,10,null,255,1.688849925994873,1377340186000
52.21947540063411,6.898265490308404,93.70001220703125,10,null,249,1.5012000799179077,1377340187000
52.219469072297215,6.898243026807904,93.4000244140625,10,null,248,1.6262999773025513,1377340188000
52.21945729572326,6.898216623812914,92.79998779296875,10,null,248,1.8139500617980957,1377340189000
52.21945800818503,6.898185275495052,92.5999755859375,10,null,248,1.7513999938964844,1377340190000
52.219447824172676,6.898155687376857,92.4000244140625,10,null,245,2.1892499923706055,1377340191000
52.219438101165,6.8981183879077435,92.29998779296875,10,null,246,2.5645501613616943,1377340192000
52.219433365389705,6.89807765185833,92.20001220703125,10,null,248,2.8147499561309814,1377340193000
52.21942804288119,6.898038340732455,92.29998779296875,10,null,251,2.251800060272217,1377340194000
52.2194309765473,6.89798922277987,92.5,10,null,246,2.8773000240325928,1377340195000
52.21941685304046,6.897953264415264,92.70001220703125,10,null,238,2.8147499561309814,1377340196000
52.21938835456967,6.89792568795383,92.70001220703125,10,null,210,3.4402499198913574,1377340197000
52.21935675479472,6.89788905903697,92.29998779296875,10,null,221,3.5027999877929688,1377340198000
52.21934095490724,6.897844634950161,92.5,10,null,239,3.56535005569458,1377340199000
52.21932951360941,6.897798869758844,92.4000244140625,10,null,241,2.939849853515625,1377340200000
52.219324610196054,6.897758133709431,92.4000244140625,10,null,245,2.4394497871398926,1377340201000
52.21932259853929,6.897723935544491,92.29998779296875,10,null,250,1.8765000104904175,1377340202000
52.219321257434785,6.897699041292071,92.0999755859375,10,null,254,1.6262999773025513,1377340203000
52.21931916195899,6.8976757396012545,92,10,null,256,1.4386500120162964,1377340204000
52.2194302,6.8974488,null,39,null,null,null,1377340203407
52.21931471955031,6.897652102634311,91.9000244140625,10,null,252,1.5012000799179077,1377340205000
52.21931333653629,6.897618658840656,91.9000244140625,10,null,252,2.1892499923706055,1377340206000
52.21930767875165,6.897581107914448,91.79998779296875,10,null,254,2.502000093460083,1377340207000
52.219306379556656,6.897545820102096,91.79998779296875,10,null,260,2.126699924468994,1377340208000
52.21929736901075,6.897503491491079,91.5,10,null,262,2.3768999576568604,1377340209000
52.21929783001542,6.897457893937826,91.20001220703125,5,null,265,2.6270999908447266,1377340210000
52.219296782277524,6.897412883117795,91,5,null,267,2.8773000240325928,1377340211000
52.219295776449144,6.89736669883132,90.9000244140625,5,null,269,3.127500057220459,1377340212000
52.21928752027452,6.897321855649352,90.5999755859375,5,null,262,3.0649499893188477,1377340213000
52.219277461990714,6.897276341915131,90.5,5,null,259,3.1900501251220703,1377340214000
52.21926547586918,6.897229738533497,90.20001220703125,5,null,254,3.127500057220459,1377340215000
52.21925361547619,6.897185314446688,90.0999755859375,5,null,252,3.1900501251220703,1377340216000
52.219242760911584,6.897142566740513,90,5,null,253,3.0649499893188477,1377340217000
52.219234756194055,6.897099986672401,89.9000244140625,5,null,256,3.0649499893188477,1377340218000
52.219226667657495,6.897057658061385,89.70001220703125,5,null,256,3.0024001598358154,1377340219000
52.219218872487545,6.897014491260052,89.5999755859375,5,null,255,3.127500057220459,1377340220000
52.21920994576067,6.896970737725496,89.5,5,null,255,3.127500057220459,1377340221000
52.219203701242805,6.896926984190941,89.4000244140625,5,null,256,2.8773000240325928,1377340222000
52.219201773405075,6.896884739398956,89.4000244140625,5,null,254,2.689650058746338,1377340223000
52.21920022275299,6.896844087168574,89,5,null,254,2.6270999908447266,1377340224000
52.21919699572027,6.896809972822666,88.9000244140625,5,null,254,2.1892499923706055,1377340225000
52.2192089,6.8962838,null,23,null,null,null,1377340223551
52.21920043230057,6.896777283400297,88.9000244140625,5,null,262,1.688849925994873,1377340226000
52.21920265350491,6.896755825728178,88.9000244140625,5,null,271,1.4386500120162964,1377340227000
52.21920705400407,6.89673931337893,88.70001220703125,5,null,281,1.1884499788284302,1377340228000
52.21920994576067,6.896729841828346,88.79998779296875,5,null,288,1.0008000135421753,1377340229000
52.21921476535499,6.896718610078096,88.5999755859375,5,null,298,0.7506000399589539,1377340230000
52.21923106815666,6.896709389984608,88.70001220703125,5,null,328,0.5629500150680542,1377340231000
52.219242341816425,6.896707797423005,89.20001220703125,5,null,348,0.5629500150680542,1377340232000
52.219253992661834,6.896705701947212,89.4000244140625,5,null,2,0.5629500150680542,1377340233000
52.21926212310791,6.8967038579285145,89.4000244140625,5,null,32,0,1377340234000
52.219262165017426,6.896703355014324,89.4000244140625,5,null,65,0,1377340235000
52.21926220692694,6.896703355014324,89.4000244140625,10,null,65,0,1377340236000
52.219176795333624,6.896732859313488,92.29998779296875,5,null,70,1.5012000799179077,1377340240000
52.219173358753324,6.8966953083872795,92.4000244140625,10,null,73,0.7506000399589539,1377340241000
52.219183165580034,6.896671503782272,96.20001220703125,10,null,70,0.5004000067710876,1377340242000
52.2192089,6.8962838,null,23,null,null,null,1377340241992
52.21920018084347,6.896649627014995,96.29998779296875,10,null,56,0.06255000084638596,1377340243000
52.2192089,6.8962838,null,23,null,null,null,1377340259371
52.21920755691826,6.896628923714161,97.29998779296875,30,null,56,0,1377340261000
52.21920755691826,6.896628923714161,97.29998779296875,25,null,56,0,1377340262000
52.21920755691826,6.896628923714161,97.29998779296875,25,null,56,0,1377340263000
52.21920755691826,6.896628923714161,97.29998779296875,20,null,56,0,1377340264000
52.21920755691826,6.896628923714161,97.29998779296875,20,null,56,0,1377340265000
52.21920755691826,6.896628923714161,97.29998779296875,20,null,56,0,1377340266000
52.21920755691826,6.896628923714161,97.29998779296875,15,null,56,0,1377340267000
52.21920755691826,6.896628923714161,97.29998779296875,15,null,56,0,1377340268000
52.21920755691826,6.896628923714161,97.29998779296875,15,null,56,0,1377340268000
52.21920755691826,6.896628923714161,97.29998779296875,10,null,56,0,1377340270000
52.21920755691826,6.896628923714161,97.29998779296875,5,null,56,0,1377340277000
52.219227,6.896298,null,20,null,null,null,1377340279463
52.21920755691826,6.896628923714161,97.29998779296875,5,null,56,0,1377340280000
52.2192532,6.8962113,null,30,null,null,null,1377340299611
52.21920755691826,6.896628923714161,97.29998779296875,5,null,56,0,1377340301000
52.21922758966684,6.896701259538531,96.0999755859375,5,null,31,0.6880499720573425,1377340318000
52.21923379227519,6.8966590985655785,97.20001220703125,5,null,315,0.6255000233650208,1377340339000
52.219195,6.8963007,null,20,null,null,null,1377340339770
52.219238108955324,6.896636635065079,97.29998779296875,10,null,285,0.4378499984741211,1377340341000
