Latitude,Longitude,Altitude,Accuracy,Altitude Accuracy,Heading,Speed,Timestamp
52.219004882499576,6.896276548504829,106.0999755859375,15,null,353,1.3135499954223633,1377341011000
52.21906481310725,6.896248050034046,106.79998779296875,10,null,353,0.8756999969482422,1377341016000
52.21913706511259,6.896225418895483,105.79998779296875,10,null,341,1.063349962234497,1377341022000
52.2191899549216,6.8961855210363865,98.20001220703125,10,null,1,1.0008000135421753,1377341032000
52.21927314531058,6.8961678352206945,98.0999755859375,10,null,3,1.1259000301361084,1377341040000
52.21933680586517,6.896132044494152,98.20001220703125,10,null,347,0.9382500052452087,1377341046000
52.21939392853528,6.89607965759933,98.79998779296875,10,null,334,1.0008000135421753,1377341052000
52.21945281140506,6.896041855216026,99.5,10,null,345,1.5012000799179077,1377341057000
52.21953813917935,6.896021319553256,100.20001220703125,10,null,353,1.5012000799179077,1377341064000
