Latitude,Longitude,Altitude,Accuracy,Altitude Accuracy,Heading,Speed,Timestamp
52.22008618991822,6.886604418978095,101.70001220703125,5,null,103,0.8131499886512756,1377337672000
52.22007282078266,6.886651441454887,102,5,null,93,1.0008000135421753,1377337675000
52.22006213385612,6.8866952788084745,102.29998779296875,5,null,100,1.063349962234497,1377337678000
52.22009226679802,6.886759232729673,97.9000244140625,10,null,71,1.0008000135421753,1377337685000
52.22012315411121,6.886787647381425,96.20001220703125,5,null,67,1.063349962234497,1377337688000
52.220130655914545,6.886833580210805,95.70001220703125,5,null,86,1.063349962234497,1377337691000
52.22013828344643,6.886881440877914,95.29998779296875,5,null,83,1.3135499954223633,1377337694000
52.22014813218266,6.886930977925658,95,5,null,77,1.1259000301361084,1377337697000
52.22014813218266,6.886930977925658,95,5,null,77,1.1259000301361084,1377337697000
