Latitude,Longitude,Altitude,Accuracy,Altitude Accuracy,Heading,Speed,Timestamp
52.21653778951477,6.902146375947966,96.26339749846014,12,null,45.426902770996094,1.5871622562408447,1377338655000
52.21657908780784,6.902222715215993,96.86460018093739,12,null,39.24314880371094,1.5032137632369995,1377338659000
52.216595188995115,6.902379356539741,98.69882071357686,16,null,123.5013656616211,0,1377338668000
52.21659620282651,6.902416690869896,98.95617727104245,12,null,125.23626708984375,1.1640993356704712,1377338670000
52.21658504781448,6.902492057480798,99.31720241851252,8,null,119.78895568847656,1.154245138168335,1377338674000
52.216577653147375,6.902568031386542,99.84276728432842,8,null,94.7984619140625,0,1377338679000
52.2163486,6.9023771,null,46.577999114990234,null,null,null,1377338779091
52.216571300668846,6.902636734336651,100.83498749913684,12,null,94.7984619140625,0,1377338694000
52.216559086023125,6.902658995168922,101.22074639023329,8,null,94.7984619140625,0,1377338700000
