Latitude,Longitude,Altitude,Accuracy,Altitude Accuracy,Heading,Speed,Timestamp
52.2196672,6.8995485,null,55.37200164794922,null,null,null,1377338161768
52.21950841244566,6.89988323430012,90.34520060149454,8,null,25.055192947387695,0,1377338077000
52.21950986825621,6.899883274036936,90.4128970887726,6,null,25.055192947387695,0,1377338081000
52.21957717300781,6.899896625100005,90.7846174730287,6,null,84.03717803955078,0.7639291882514954,1377338090000
52.219591510440274,6.89995641132053,90.62920946741171,8,null,85.03116607666016,0.7456561923027039,1377338095000
52.21959710824969,6.900029463825917,90.24663552544465,8,null,69.91639709472656,0.728488564491272,1377338099000
52.21962180382912,6.900116225149654,89.69521822636045,8,null,49.36716842651367,0,1377338108000
52.21959975503959,6.900182388469157,89.52618994082796,8,null,174.42601013183594,0.47363948822021484,1377338112000
52.21959515643558,6.900196253365005,89.51527711776562,6,null,174.42601013183594,0,1377338113000
