Latitude,Longitude,Altitude,Accuracy,Altitude Accuracy,Heading,Speed,Timestamp
52.221365383248376,6.8950534402466594,88.56954769814432,8,null,237.3280792236328,0.41553837060928345,1377341615999
52.221351821864744,6.895043046289945,88.52325758382622,6,null,230.11886596679688,0,1377341617999
52.2212512,6.8953019,null,30,null,null,null,1377341711405
52.22131959638496,6.895071565264814,88.23383478960531,8,null,110.32877349853516,0.5344046354293823,1377341626999
52.22131358378814,6.895085431656989,88.27727301484495,6,null,117.57939910888672,0.5835421085357666,1377341628999
52.22131714250314,6.895148498963808,88.43846497253578,6,null,73.15482330322266,0.7003728151321411,1377341633999
52.22133894988681,6.895201147995647,88.5728286388074,8,null,11.153236389160156,0.7120432257652283,1377341636999
52.221345354529916,6.895195642183709,88.57289534890862,6,null,11.153236389160156,0,1377341643999
52.221357364060076,6.895177757401246,88.54481840317368,4,null,11.153236389160156,0,1377341647999
