Latitude,Longitude,Altitude,Accuracy,Altitude Accuracy,Heading,Speed,Timestamp
52.220308805942025,6.895556497885032,92.29177119267595,8,null,147.4868927001953,1.1246004104614258,1377340768999
52.220267917094844,6.8955940481568785,92.84361784428125,8,null,151.70005798339844,1.2430071830749512,1377340771999
52.22017439255488,6.895662018531492,94.07026486932631,16,null,146.7501678466797,1.2727992534637451,1377340779999
52.220140623208714,6.8956947472561705,94.17639443196467,12,null,148.28158569335938,1.417497992515564,1377340781999
52.220077933748016,6.895769308378621,94.8493775578243,12,null,148.83218383789062,1.4614009857177734,1377340787999
52.22002534261498,6.895841035150628,95.58987818172322,12,null,136.3713836669922,1.6896495819091797,1377340791999
52.21991389452133,6.895849134099231,96.70342089847053,12,null,170.3419952392578,1.5570931434631348,1377340800999
52.21982262286963,6.895870359510013,97.151980004826,12,null,165.65431213378906,0,1377340811999
52.2197594112415,6.895934965951285,97.38004102165893,12,null,153.77743530273438,0,1377340815999
