Latitude,Longitude,Altitude,Accuracy,Altitude Accuracy,Heading,Speed,Timestamp
52.219410090802214,6.896043048058891,85.09080440376935,12,null,306.1477355957031,1.0204371213912964,1377340588999
52.2194194715779,6.896011615420996,85.25165654537776,8,null,310.97412109375,0,1377340590999
52.21947524349761,6.895938391806291,85.53124278922978,12,null,333.3332824707031,0.7483403086662292,1377340598999
52.219535620871284,6.895901297075836,85.84613966701689,8,null,340.55084228515625,1.0669108629226685,1377340603999
52.21960359888509,6.895856162201126,85.61694978173934,8,null,316.6632080078125,1.0410324335098267,1377340610999
52.21964229689869,6.895809723835446,85.25877885533124,8,null,299.3962097167969,1.2234294414520264,1377340614999
52.21972346650834,6.895813063821215,84.85778821567753,8,null,348.07965087890625,0.8488074541091919,1377340622999
52.219796214395224,6.895802495888775,85.52489294671746,8,null,9.181809425354004,0.9421595931053162,1377340630999
52.21986745439234,6.895790964132635,86.26116971088533,8,null,352.48095703125,0.9985705018043518,1377340637999
