Latitude,Longitude,Altitude,Accuracy,Altitude Accuracy,Heading,Speed,Timestamp
52.22261001,6.89537162,83.4000015258789,29,null,52.099998474121094,1.75,1377338677000
52.22261273,6.89555519,79.9000015258789,24,null,12.699999809265137,1.75,1377338682000
52.2226178,6.8955894,80.5,22,null,352,1.75,1377338684000
52.22264737,6.8956371,81,16,null,2.5999999046325684,1.75,1377338690000
52.22289669,6.89562644,80.5,25,null,350.3999938964844,1.5,1377338706000
52.22289026,6.89565372,80.30000305175781,22,null,null,0,1377338708000
52.22288938,6.89565986,80.30000305175781,20,null,null,0,1377338709000
52.22288755,6.89565391,81.0999984741211,17,null,null,0,1377338712000
52.22288979,6.89564772,81.5,16,null,null,0,1377338713000
