Latitude,Longitude,Altitude,Accuracy,Altitude Accuracy,Heading,Speed,Timestamp
52.22069356425303,6.898483954278643,92.63436168217213,8,null,338.8345642089844,1.0879781246185303,1377339732999
52.220738809693145,6.89843433889554,91.8327853244029,8,null,332.7085876464844,0.7371839880943298,1377339740999
52.22078520517256,6.898396640676085,91.37272786669975,8,null,342.4737854003906,0.8768033385276794,1377339745999
52.220809150527444,6.898342533307552,91.01252553279964,8,null,308.4039001464844,0.7710325121879578,1377339750999
52.22084920866515,6.8982907723348434,90.60796086949968,8,null,325.0518798828125,0.8118016719818115,1377339754999
52.22090392129674,6.898243949612941,90.65697242221896,6,null,323.326416015625,0,1377339758999
52.22096898372891,6.898261952904925,90.94047836964077,8,null,350.6272277832031,0.8775445818901062,1377339762999
52.22098788407327,6.898253928519301,91.17069479707718,6,null,331.6957092285156,0.8785589933395386,1377339764999
52.22103667396486,6.898230301977457,91.40380169818577,8,null,59.55646514892578,0,1377339774999
