Latitude,Longitude,Altitude,Accuracy,Altitude Accuracy,Heading,Speed,Timestamp
52.22183859256827,6.895138988217673,93.89362822704797,6,null,6.979437828063965,0.9911268949508667,1377338990999
52.2221447,6.8942383,null,948,null,null,null,1377338989778
52.22185151267852,6.895130293335702,93.92164416717428,6,null,7.816583633422852,0.9839747548103333,1377338991999
52.22187039998341,6.895119338208909,93.94871545993489,6,null,353.75506591796875,1.0126252174377441,1377338992999
52.221886565755135,6.8951111524583775,93.94976936442188,6,null,356.0535583496094,1.0526896715164185,1377338993999
52.221896246052346,6.895107853727401,93.94588557520997,6,null,1.4101248979568481,1.0648924112319946,1377338994999
52.221905270986646,6.895103050369554,93.86926693705469,6,null,352.8713073730469,1.073391079902649,1377338995999
52.22191522606256,6.895101116497576,93.82911785648521,6,null,359.7275695800781,1.092633843421936,1377338996999
52.22192279613493,6.89510384724945,93.77333838878319,8,null,12.696493148803711,1.1072478294372559,1377338997999
52.221929339027106,6.8951072941056655,93.78655998157869,8,null,17.02073860168457,1.0919231176376343,1377338998999
52.22193467918399,6.895113674362302,93.8451224906721,8,null,24.742692947387695,1.0839459896087646,1377338999999
52.22194463802793,6.895123263842096,93.86711229812725,6,null,21.194570541381836,1.0949140787124634,1377339000999
52.22195427586157,6.895134120164899,93.92559609880324,6,null,29.1484375,1.090144395828247,1377339001999
52.22196656912713,6.895142848007836,93.96995294812619,8,null,17.94264030456543,1.0953384637832642,1377339002999
52.22198288729001,6.895152996634011,94.0193840427238,12,null,21.94044303894043,1.1076388359069824,1377339003999
52.22198905232188,6.895162453344712,94.00328591652247,8,null,44.8515739440918,1.1158198118209839,1377339004999
52.22199864943121,6.895170474468407,93.98520403313127,8,null,34.063560485839844,1.1016286611557007,1377339005999
52.22200936439781,6.8951711733815815,93.96326570879718,8,null,6.87747049331665,1.09025239944458,1377339006999
52.22201708640715,6.895173581067104,93.88146930781305,8,null,20.323827743530273,1.0517011880874634,1377339007999
52.22202505450394,6.8951781356041435,93.82377557726792,8,null,23.007516860961914,1.0205602645874023,1377339008999
52.222034198580005,6.895185632632286,93.7293648163982,8,null,28.494258880615234,1.003106713294983,1377339009999
52.222052258871784,6.895191006807058,93.58545588080571,8,null,8.665810585021973,1.010190486907959,1377339010999
52.2223871,6.8940498,null,1051,null,null,null,1377339009714
52.22206939120117,6.895194280492921,93.50279827438932,6,null,2.7537543773651123,1.0136231184005737,1377339011999
52.222083723820695,6.895200741431404,93.37338250020282,6,null,15.506187438964844,1.0252728462219238,1377339012999
52.2220914763516,6.895204426175521,93.30900796453041,6,null,20.602401733398438,0.9861467480659485,1377339013999
52.222099588790456,6.895207136168588,93.31800732201462,8,null,12.85800552368164,0.9599719643592834,1377339014999
52.222109471894214,6.895211256571796,93.28541894051872,8,null,13.717153549194336,0.9688126444816589,1377339015999
52.222117494597775,6.895212693533854,93.2846441523394,8,null,5.790642261505127,0.9808424711227417,1377339016999
52.22212177441512,6.895212780546869,93.27697054674985,8,null,6.725350379943848,0.9553101062774658,1377339017999
52.22213026441213,6.895212576940028,93.30981097621391,6,null,1.0326083898544312,0.9973396062850952,1377339018999
52.22213951131378,6.8952201549946075,93.30439942760141,8,null,27.842899322509766,0.9938400983810425,1377339019999
52.22214531569143,6.895231956844873,93.31264107802662,8,null,52.57612991333008,0.9874846339225769,1377339020999
52.222153945022534,6.895242714044023,93.31040101996074,8,null,36.621829986572266,0.9740320444107056,1377339021999
52.22215853735457,6.895251332901691,93.3069845903247,8,null,42.53721618652344,0.9447711110115051,1377339022999
52.22217086110226,6.895257882362092,93.31808521904266,8,null,14.621039390563965,0.9708178043365479,1377339023999
52.22217701303885,6.895262253270153,93.3651200158412,12,null,21.63920021057129,0.9589489102363586,1377339024999
52.222184986874574,6.895264996201804,93.38953064598122,8,null,9.267951011657715,0.9448457360267639,1377339025999
52.222191427472744,6.895269300208824,93.43902550539384,8,null,15.06180191040039,0.9401159286499023,1377339026999
52.222195941687076,6.895280805511555,93.4467197995533,8,null,45.843482971191406,0.9434168338775635,1377339027999
52.222199914435855,6.8952881406635225,93.44690656061924,8,null,37.645565032958984,0.9179990887641907,1377339028999
52.22220364968246,6.895291935238646,93.49805900417755,8,null,22.29889488220215,0.898206889629364,1377339029999
52.22220592529092,6.895294485595187,93.51387908989427,12,null,23.527727127075195,0.872327446937561,1377339030999
52.2223871,6.8940498,null,1051,null,null,null,1377339029725
52.22220709327482,6.89529679124699,93.4920877665966,12,null,32.089561462402344,0.8346798419952393,1377339031999
52.22221277258292,6.895298506942452,93.4027653333123,8,null,3.518707275390625,0.8250027894973755,1377339032999
52.22221839330398,6.895300754756251,93.35955982715546,8,null,2.443035125732422,0.7983646392822266,1377339033999
52.2222258874718,6.895306797121559,93.32291278354305,8,null,3.8995273113250732,0.7837837338447571,1377339034999
52.22223202920532,6.895315195530187,93.35096805050121,8,null,19.821819305419922,0.7714285254478455,1377339035999
52.222238630955054,6.895324608233461,93.41859213869596,6,null,18.07362937927246,0.7636290788650513,1377339036999
52.22224102951469,6.89533370573249,93.49546824747647,6,null,77.83317565917969,0.38938331604003906,1377339037999
52.22224408466567,6.895339512580135,93.55747950878636,6,null,64.10782623291016,0.35156434774398804,1377339038999
52.222249662311505,6.895343214801598,93.67479648838457,6,null,41.885738372802734,0.4424520432949066,1377339039999
52.22225753914507,6.895344251093448,93.73668134342728,6,null,50.38669967651367,0.46666818857192993,1377339040999
52.222264621097004,6.8953356439873295,93.73825962921464,6,null,50.38669967651367,0,1377339041999
52.222276804486526,6.895335229159243,93.79036933094336,12,null,31.530561447143555,0.6200375556945801,1377339042999
52.22228228220545,6.895332432405897,93.7961688566051,8,null,31.530561447143555,0,1377339043999
52.222286963849186,6.895334939993512,93.84082407266234,8,null,93.9857177734375,0.367291659116745,1377339044999
52.222290962999885,6.89534159934979,93.82143603634046,8,null,95.58699035644531,0.48490625619888306,1377339045999
52.222296715334224,6.895349552583431,93.78341049870454,8,null,65.83527374267578,0.5568498373031616,1377339046999
52.22230254369002,6.895360451215043,93.70152441886701,8,null,70.6607437133789,0.6281447410583496,1377339047999
52.22231043245606,6.89537272775991,93.70052787451108,12,null,56.26179122924805,0.736531674861908,1377339048999
52.22231527704423,6.8953864098114765,93.76699110783956,12,null,96.03773498535156,0.6274289488792419,1377339049999
