Question,Answer,Latitude,Longitude,Altitude,Accuracy,Altitude Accuracy,Heading,Speed,Timestamp
1,D,52.22095378318754,6.894882948239406,91.13400658053624,8,null,null,0,1377336528000
2,B,52.22199746106786,6.896674714813834,90.79773295391449,8,null,329.64886474609375,0,1377338560000
3,2000,52.22199970436678,6.896593962422389,91.07072644744521,8,null,287.93341064453125,0.30148011445999146,1377338607000
4,D,52.22200799647471,6.896568575740719,89.4819018369949,6,null,160.6790008544922,0.37856635451316833,1377338641000
5,D,52.22198919763539,6.896655791485772,90.32105755904564,8,null,138.02029418945312,0,1377338694000
6,D,52.221502098809786,6.8952407190422225,93.73399803200621,6,null,182.13868713378906,1.0165181159973145,1377338848000
7,dienst uitvoering onderwijs,52.22138768898645,6.89525171885294,93.4623932872119,8,null,322.1827392578125,0,1377338906000
8,B,52.2213928686253,6.895252843741859,93.30600603137277,8,null,322.1827392578125,0,1377338911000
9,1,00,52.219832378199094,6.896193499390071,87.3621251094275,6,null,188.06590270996094,0,1377339155000
