Latitude,Longitude,Altitude,Accuracy,Altitude Accuracy,Heading,Speed,Timestamp
52.21684229,6.90035667,119.19999694824219,11,null,290.70001220703125,1,1377338736396
52.21676315,6.90028972,117.19999694824219,14,null,204.39999389648438,1.25,1377338740399
52.21670933,6.90022732,117.69999694824219,12,null,197.60000610351562,1.75,1377338741398
52.21665816,6.90014576,119.19999694824219,12,null,201.10000610351562,2.25,1377338742421
52.2166153,6.90010415,117.30000305175781,10,null,201.8000030517578,2.75,1377338743398
52.2165657,6.90003181,117.80000305175781,12,null,206.6999969482422,2.5,1377338745493
52.21651912,6.89999837,116.5999984741211,11,null,199.6999969482422,2.5,1377338746421
52.21647831,6.89991697,116.0999984741211,12,null,209.10000610351562,3,1377338747402
52.21640631,6.89982974,112.4000015258789,12,null,205.60000610351562,3.288236618041992,1377338749405
52.21636971,6.89975371,110.5,12,null,206.1999969482422,3.288236618041992,1377338750414
52.21630272,6.89967188,107.5999984741211,14,null,204.39999389648438,2.3048861026763916,1377338753508
52.21625075,6.89955537,107.5,17,null,239.1999969482422,2.0615527629852295,1377338758413
52.21632421,6.89947042,107.4000015258789,14,null,269.6000061035156,2.25,1377338759413
52.21634759,6.89941401,107,12,null,275.6000061035156,2.5495097637176514,1377338760412
52.21637804,6.89934859,107.19999694824219,10,null,280.29998779296875,3.041381359100342,1377338761413
52.21638885,6.89927713,106,9,null,281.3999938964844,3.535533905029297,1377338762409
52.21638087,6.89911944,103.80000305175781,10,null,277.1000061035156,4.279310703277588,1377338764415
52.21636292,6.89900488,103,9,null,268.79998779296875,3.783186435699463,1377338766415
52.21638206,6.89887915,103.9000015258789,9,null,277.70001220703125,3.75,1377338768417
52.21634668,6.89866229,101.9000015258789,7,null,266.8999938964844,5,1377338770452
52.21634425,6.89858821,102.0999984741211,8,null,266.8999938964844,5,1377338771400
52.21634513,6.89851124,101.69999694824219,7,null,267.5,5,1377338772473
52.21633953,6.89840334,100.69999694824219,7,null,269,3.75,1377338774410
52.2169293,6.900081,null,37,null,null,null,1377338775018
52.21634349,6.89834767,100.0999984741211,7,null,269,3.75,1377338775424
52.21634456,6.89826903,100.19999694824219,7,null,270.20001220703125,4,1377338776400
52.21635501,6.8981248,101.69999694824219,8,null,270,4,1377338778401
52.21637687,6.89793812,101.9000015258789,8,null,273.3999938964844,4.75,1377338780400
52.21638016,6.89784676,102.0999984741211,8,null,273.70001220703125,4.75,1377338781393
52.21637001,6.89777813,101.69999694824219,8,null,266.8999938964844,4.527692794799805,1377338782398
52.21635072,6.89770182,100.69999694824219,7,null,259.29998779296875,4.776243209838867,1377338783401
52.21633963,6.89760368,100.80000305175781,8,null,253,4.279310703277588,1377338784402
52.21633049,6.89752578,101.0999984741211,9,null,252.89999389648438,4.031128883361816,1377338785462
52.21632163,6.89744927,101.9000015258789,8,null,251.89999389648438,4.25,1377338786406
52.21632155,6.89736765,100.30000305175781,7,null,258.8999938964844,4.25,1377338787466
52.21632147,6.89728868,100.5,6,null,260.29998779296875,4.5,1377338788392
52.21632616,6.89722878,100.5999984741211,6,null,262.1000061035156,4,1377338789390
52.21636079,6.8971001,102.19999694824219,5,null,276.8999938964844,5.34438943862915,1377338790391
52.21636653,6.8970233,103,6,null,276.8999938964844,5.34438943862915,1377338791391
52.21639024,6.89693582,102.0999984741211,6,null,281.29998779296875,5.2737555503845215,1377338792484
52.21639334,6.89685712,103,5,null,281.3999938964844,5.25,1377338793473
52.21640568,6.89677662,101.5,5,null,284.1000061035156,5,1377338794474
52.216423,6.89671213,103.5,5,null,283.29998779296875,5,1377338795471
52.21642801,6.89664691,104.80000305175781,6,null,282.1000061035156,5,1377338796453
52.21643754,6.89657469,104.69999694824219,8,null,282.1000061035156,5,1377338797397
52.21645546,6.89649471,104.0999984741211,7,null,285.1000061035156,5.25,1377338798397
52.21644835,6.89642967,103.69999694824219,7,null,278.79998779296875,4.5,1377338799397
52.21645739,6.8963532,103.0999984741211,8,null,280.29998779296875,4.25,1377338800396
52.21645481,6.89624338,104.5,10,null,278.79998779296875,4.031128883361816,1377338802395
52.21647916,6.89620881,104.30000305175781,9,null,284,3.5,1377338803395
52.21648529,6.89614122,103.5999984741211,7,null,282.79998779296875,3.75,1377338804399
52.21647623,6.89608504,103.69999694824219,7,null,283.6000061035156,3.75,1377338805400
52.2165055,6.89598836,103.30000305175781,7,null,291.29998779296875,3.5,1377338807395
52.21650156,6.89590911,104.0999984741211,6,null,284,3.25,1377338808403
52.21651217,6.89586004,104.4000015258789,6,null,288.1000061035156,3.25,1377338809397
52.2164906,6.89579015,102.9000015258789,6,null,283.29998779296875,3.783186435699463,1377338810404
52.21647903,6.89568844,102.4000015258789,7,null,276,4.25,1377338811397
52.2164872,6.89560966,102.80000305175781,7,null,276.3999938964844,4.5,1377338812494
52.216499,6.8955463,103.4000015258789,6,null,273.5,4.527692794799805,1377338813416
52.2165011,6.89539866,103.30000305175781,7,null,273.20001220703125,4.5,1377338815402
52.21652328,6.89534846,102.5999984741211,6,null,283.8999938964844,4,1377338816394
52.21653608,6.89528856,102.19999694824219,6,null,285.29998779296875,4.031128883361816,1377338817397
52.21655754,6.89515901,102,11,null,293,4.25,1377338819399
52.21657642,6.89507128,102,11,null,295.79998779296875,4.25,1377338820396
52.2169293,6.900081,null,37,null,null,null,1377338820970
52.21658517,6.89496128,101.69999694824219,12,null,295.29998779296875,4.75,1377338821499
52.21658867,6.89485345,103.30000305175781,12,null,292.1000061035156,5.024937629699707,1377338822494
52.21657731,6.89467332,104,13,null,284,4.25,1377338824400
52.21659447,6.89451254,103.80000305175781,14,null,291.8999938964844,3.041381359100342,1377338827505
52.21659453,6.89451734,104.69999694824219,13,null,305.20001220703125,1.5,1377338829413
52.21662193,6.8944827,104.4000015258789,12,null,318.5,1.5,1377338831398
