Latitude,Longitude,Altitude,Accuracy,Altitude Accuracy,Heading,Speed,Timestamp
52.217027654748016,6.898765068279829,95.44494882995625,12,null,224.1934051513672,1.3508002758026123,1377339856000
52.21704058081926,6.898652902616982,95.16798041426549,8,null,275.6645812988281,1.1893783807754517,1377339861999
52.21705989014834,6.898560746450342,94.26839240491614,12,null,281.5356750488281,0,1377339866999
52.217044684812315,6.898415211066902,93.1586734389577,16,null,260.9212951660156,1.2187968492507935,1377339876999
52.21704654026324,6.8983955388026885,93.27358266734119,12,null,275.59674072265625,1.2408498525619507,1377339877999
52.2170605418829,6.898329336823128,94.0003856208043,8,null,281.3170166015625,0,1377339883999
52.217063010992675,6.898220396334063,94.14697103735163,8,null,281.071044921875,0.9701419472694397,1377339889999
52.21707538367554,6.898121240839963,94.2266539273804,8,null,307.51239013671875,1.1634361743927002,1377339897999
52.21712178206024,6.898047221337848,93.38631246459819,8,null,245.0702362060547,1.4483693838119507,1377339904999
