Latitude,Longitude,Altitude,Accuracy,Altitude Accuracy,Heading,Speed,Timestamp
52.22159864754388,6.895282734687514,94.05409710476482,6,null,357.12469482421875,0.8351505994796753,1377336327000
52.22164467472246,6.895269461480858,94.8359481360898,6,null,2.3971939086914062,0.7704761624336243,1377336332000
52.221712317326464,6.8952504643493695,95.85250145319996,6,null,340.39141845703125,0.8492025136947632,1377336337000
52.22172997824815,6.895198861060404,97.39216142176555,6,null,260.4625244140625,0,1377336348000
52.22180941078417,6.8951925374669445,97.36662437335775,8,null,190.1883544921875,0.8914676308631897,1377336364000
52.2234211,6.8914007,null,1224,null,null,null,1377336371346
52.2218045108531,6.895203710968961,97.35669191799201,16,null,190.1883544921875,0,1377336372000
52.22180381700332,6.895205353599587,97.33820389193308,6,null,190.1883544921875,0,1377336374000
52.22181119076379,6.895214247169613,96.80266291165121,4,null,143.60926818847656,0.3069172501564026,1377336380000
