Latitude,Longitude,Altitude,Accuracy,Altitude Accuracy,Heading,Speed,Timestamp
52.220319424954724,6.895523323418427,95.3300436437815,6,null,327.09991455078125,1.042592167854309,1377338302000
52.22032035335494,6.89552453913467,95.31307506781965,4,null,327.09991455078125,0,1377338303000
52.220376432379275,6.895503685590585,93.67013358616902,8,null,7.558173656463623,0.7790176272392273,1377338313000
52.22038875272617,6.895502405973974,93.55358912256534,6,null,355.1567687988281,0.8351389169692993,1377338314000
52.22041914611111,6.895475699263148,93.12685146391345,6,null,359.472412109375,0.8925530910491943,1377338317000
52.22044737847855,6.895449755164724,92.41243645839505,6,null,299.9679870605469,0.829491376876831,1377338321000
52.22046550987181,6.895423435534563,92.05556220602615,4,null,304.7654724121094,0.7973945736885071,1377338324000
52.2204830459043,6.895392617230451,91.7093769208461,4,null,290.0177307128906,0.7775754332542419,1377338327000
52.22050137322762,6.895440811587049,91.43150683325746,6,null,290.0177307128906,0,1377338339000
