Latitude,Longitude,Altitude,Accuracy,Altitude Accuracy,Heading,Speed,Timestamp
52.2217929,6.89295494,98.69999694824219,5,null,null,0,1377340263000
52.22179268,6.89295501,98.69999694824219,5,null,null,0,1377340264000
52.22174371,6.89298528,95.9000015258789,5,null,157.10000610351562,1.25,1377340270000
52.22172346,6.89299485,95.69999694824219,5,null,159,1.5,1377340271000
52.22170245,6.89300333,96.0999984741211,5,null,161.3000030517578,1.75,1377340272000
52.2216856,6.8930088,97.19999694824219,5,null,164.60000610351562,1.5,1377340273000
52.22166694,6.8930144,96.5999984741211,5,null,167.1999969482422,1.5,1377340274000
52.22165088,6.8930153,97.30000305175781,6,null,169.5,1.5,1377340275000
52.22163449,6.89301762,97.80000305175781,6,null,168.8000030517578,1.5,1377340276000
52.22161897,6.893014,98.69999694824219,7,null,173.1999969482422,1.5,1377340277000
52.22160834,6.89300649,99,7,null,178.10000610351562,1.25,1377340278000
52.22159149,6.89300279,98.80000305175781,8,null,180.1999969482422,1.25,1377340279000
52.22157509,6.89299852,99,8,null,183.8000030517578,1.25,1377340280000
52.22150478,6.89297608,98.4000015258789,8,null,174.60000610351562,1,1377340285000
52.22149588,6.89297293,98.30000305175781,7,null,170.3000030517578,0.75,1377340286000
52.22148589,6.89296585,98.19999694824219,8,null,170.3000030517578,0.75,1377340287000
52.22147782,6.89295837,98.5,8,null,170.3000030517578,0.75,1377340288000
52.22147287,6.89295074,98.80000305175781,7,null,170.3000030517578,0.5,1377340289000
52.2214659,6.89295235,98.9000015258789,7,null,170.3000030517578,0.5,1377340290000
52.22145413,6.89295864,99,7,null,170.3000030517578,0.5,1377340291000
52.22144178,6.8929636499999996,98.5,7,null,170.3000030517578,0.5,1377340292000
52.22142305,6.89296185,98.0999984741211,7,null,170.3000030517578,0.75,1377340293000
52.22141063,6.89294931,98.80000305175781,7,null,170.3000030517578,0.5,1377340294000
52.22140256,6.89293049,98.9000015258789,7,null,170.3000030517578,0.5,1377340295000
52.22139259,6.89292143,97.9000015258789,6,null,170.3000030517578,0.5,1377340296000
52.22139101,6.8929138,96,5,null,170.3000030517578,0.25,1377340297000
52.22134132,6.89289184,86.30000305175781,5,null,183.39999389648438,1.25,1377340302000
52.22130763,6.89288911,85.69999694824219,5,null,183,2,1377340303000
52.22127322,6.8928872,85.69999694824219,5,null,183.1999969482422,2.5,1377340304000
52.22124507,6.89288598,85.9000015258789,5,null,184.89999389648438,2.25,1377340305000
52.22121692,6.89288914,86,5,null,184.60000610351562,2,1377340306000
52.2211966,6.89289505,86.30000305175781,5,null,181.60000610351562,2,1377340307000
52.22117737,6.892898,86.30000305175781,5,null,180.6999969482422,1.75,1377340308000
52.22115786,6.89290017,86.80000305175781,5,null,180.8000030517578,1.75,1377340309000
52.22114839,6.89290444,86.5,5,null,null,0,1377340310000
52.22114398,6.89290788,86.5999984741211,6,null,null,0,1377340311000
52.22114281,6.89291327,86.80000305175781,5,null,null,0,1377340312000
52.2211332,6.8929535,87.30000305175781,5,null,null,0,1377340315000
52.22113335,6.89297878,88.9000015258789,4,null,null,0,1377340317000
52.22111711,6.89299758,89,4,null,150.8000030517578,2,1377340318000
52.22109875,6.89302194,90.5999984741211,5,null,151.6999969482422,2,1377340319000
52.22108647,6.89304131,92.69999694824219,5,null,151.39999389648438,1.5,1377340320000
52.22107681,6.89305543,93.5999984741211,4,null,153.89999389648438,1.5,1377340321000
52.22106936,6.8930674,93.80000305175781,4,null,155.89999389648438,1,1377340322000
52.22106579,6.89307846,94.69999694824219,4,null,155.89999389648438,0.5,1377340323000
52.22106624,6.89308965,93.80000305175781,4,null,null,0,1377340324000
52.22106354,6.89310666,93.69999694824219,4,null,155.89999389648438,0.5,1377340325000
52.22106067,6.8931234,94,4,null,155.89999389648438,0.5,1377340326000
52.22105647,6.89314331,93.5999984741211,5,null,155.89999389648438,0.75,1377340327000
52.22103462,6.89318228,92.5,4,null,129.5,1,1377340329000
52.22099475,6.89324489,93.4000015258789,3,null,132.3000030517578,1.25,1377340332000
52.22098521,6.89326568,92.30000305175781,4,null,125.30000305175781,1.25,1377340333000
52.22098096,6.89327877,92.5999984741211,4,null,119.5,0.75,1377340334000
52.22097296,6.89329708,92.30000305175781,3,null,124,1.25,1377340335000
52.22096562,6.89331347,91.80000305175781,4,null,124.5,1,1377340336000
52.22095917,6.89332763,91.30000305175781,4,null,125.69999694824219,1,1377340337000
52.22095152,6.89334103,90.69999694824219,4,null,133.10000610351562,1,1377340338000
52.2209453,6.89335608,90.4000015258789,4,null,128.8000030517578,1,1377340339000
52.22093837,6.89337475,90.19999694824219,4,null,124.0999984741211,1.25,1377340340000
52.22093088,6.8933947,89.9000015258789,5,null,122.19999694824219,1.25,1377340341000
52.2209226,6.89341604,89.5999984741211,5,null,122.9000015258789,1.5,1377340342000
52.22090657,6.89349327,91.4000015258789,5,null,115,1.5,1377340345000
52.22090989,6.89355837,93,5,null,93.5999984741211,1.5,1377340347000
52.22091492,6.89358794,93.19999694824219,5,null,84.69999694824219,1.5,1377340348000
52.2209253,6.89363448,92.5999984741211,5,null,83.0999984741211,1.5,1377340350000
52.22092332,6.8936517,94.0999984741211,4,null,94.4000015258789,1.25,1377340351000
52.22091796,6.89366532,94.19999694824219,4,null,108.4000015258789,1,1377340352000
52.22091463,6.89367932,93.69999694824219,4,null,109.4000015258789,1,1377340353000
52.22091238,6.89369603,93.9000015258789,4,null,108.5999984741211,1,1377340354000
52.22091324,6.89371408,94,4,null,95,1.25,1377340355000
52.22091728,6.89373263,93.5,4,null,83.0999984741211,1.25,1377340356000
52.22092277,6.89374904,93,4,null,82,1.25,1377340357000
52.22092815,6.89376074,92.9000015258789,4,null,79.19999694824219,1.25,1377340358000
52.22093254,6.89377239,93.5,4,null,76.5999984741211,1,1377340359000
52.22093661,6.89378797,92.69999694824219,5,null,76.5999984741211,1,1377340360000
52.22094841,6.89382811,92.30000305175781,5,null,77.4000015258789,1,1377340363000
52.22094721,6.89384347,91.9000015258789,4,null,81.4000015258789,1,1377340364000
52.22094317,6.89388765,90.5999984741211,5,null,94.80000305175781,1,1377340367000
52.22094818,6.89394907,90.4000015258789,5,null,91.80000305175781,1.25,1377340371000
52.22096439,6.89403248,88.4000015258789,4,null,81.5,1,1377340379000
52.22096705,6.89404896,88.0999984741211,4,null,76.0999984741211,1,1377340380000
