Latitude,Longitude,Altitude,Accuracy,Altitude Accuracy,Heading,Speed,Timestamp
52.21927162,6.88824568,76.5,5,null,162.3000030517578,1.5811388492584229,1377337906435
52.2192357,6.88826908,78,5,null,159.89999389648438,1.820027470588684,1377337908430
52.21919723,6.88828304,79.30000305175781,5,null,156.6999969482422,1.5,1377337912436
52.2191739,6.88830781,77.5999984741211,5,null,150.3000030517578,1.1180340051651,1377337915508
52.21912519,6.88834844,74.69999694824219,6,null,158.89999389648438,1.25,1377337919461
52.21907134,6.88836488,73.69999694824219,7,null,158.10000610351562,1.5811388492584229,1377337924417
52.21905758,6.88840086,73.9000015258789,6,null,156.89999389648438,1.25,1377337926456
52.21905643,6.88841735,73.80000305175781,5,null,153.8000030517578,1.346291184425354,1377337927431
52.21900287,6.88851683,76.30000305175781,8,null,134.60000610351562,1.5,1377337933490
