Latitude,Longitude,Altitude,Accuracy,Altitude Accuracy,Heading,Speed,Timestamp
52.22559381,6.89141493,83.80000305175781,5,null,168.10000610351562,1.1180340051651,1377336900381
52.22556605,6.89146959,85.5999984741211,5,null,167.1999969482422,1.1180340051651,1377336902384
52.22553047,6.89145889,85.80000305175781,5,null,174.60000610351562,1.346291184425354,1377336904421
52.2254821,6.89147887,87.0999984741211,6,null,165,1.25,1377336909419
52.22545678,6.8914704,86.80000305175781,5,null,167.39999389648438,1.25,1377336910578
52.22542677,6.89149192,85.30000305175781,5,null,162.60000610351562,1.346291184425354,1377336912720
52.22539618,6.89151722,83.69999694824219,5,null,152.39999389648438,1.5811388492584229,1377336914447
52.22536304,6.89153559,82.5,5,null,166.6999969482422,1.346291184425354,1377336916458
52.22527228,6.89154479,85.19999694824219,11,null,177.39999389648438,1.820027470588684,1377336922521
