Latitude,Longitude,Altitude,Accuracy,Altitude Accuracy,Heading,Speed,Timestamp
52.21881939098239,6.8953903298825026,89.5999755859375,15,null,232,0.8756999969482422,1377340563000
52.21885761246085,6.89527197740972,89.20001220703125,15,null,282,1.5012000799179077,1377340569000
52.2194,6.8961711,null,55.5,null,null,null,1377340569408
52.21888414118439,6.895235013216734,89.0999755859375,15,null,297,1.688849925994873,1377340571000
52.21894587390125,6.895145578309894,89,15,null,310,2.1892499923706055,1377340574000
52.219017329625785,6.895058574154973,88.79998779296875,15,null,322,1.0008000135421753,1377340580000
52.21911652944982,6.8950151558965445,88.79998779296875,15,null,359,0.9382500052452087,1377340593000
52.21920135430992,6.894904933869839,88.79998779296875,20,null,330,2.0016000270843506,1377340602000
52.219298291020095,6.894818348810077,88.79998779296875,20,null,341,0.6880499720573425,1377340613000
