Latitude,Longitude,Altitude,Accuracy,Altitude Accuracy,Heading,Speed,Timestamp
52.22092991229147,6.895379265770316,92.20000000000005,5,null,85.12000274658203,0.875,1377703021000
52.22092530224472,6.895390581339598,92,5,null,108.9000015258789,0.875,1377703022000
52.22092115320265,6.895398963242769,91.70000000000005,5,null,123,0.6875,1377703023000
52.22091754898429,6.895407261326909,91.39999999999998,5,null,122.44000244140625,0.625,1377703024000
52.22091407049447,6.895413715392351,91,5,null,127.29000091552734,0.5,1377703025000
52.22091407049447,6.895413715392351,91,5,null,126.66999816894531,0.25,1377703026000
52.22091524396092,6.895429389551282,90.5,5,null,100.45999908447266,0.75,1377703027000
52.22091662697494,6.895446237176657,90.39999999999998,5,null,85.75,1,1377703028000
52.22091700416058,6.895465012639761,90.10000000000002,5,null,84.86000061035156,1.125,1377703029000
52.22091683652252,6.895482782274485,89.89999999999998,5,null,87.69000244140625,1.125,1377703030000
52.22091528587043,6.895500887185335,89.60000000000002,5,null,93.30999755859375,1.1875,1377703031000
52.220912436023355,6.895518992096186,89.39999999999998,5,null,100.33999633789062,1.1875,1377703032000
52.22090962808579,6.895536594092846,89.29999999999995,5,null,101.0199966430664,1.125,1377703033000
52.22090740688145,6.895553609356284,89.20000000000005,5,null,99.79000091552734,1.125,1377703034000
52.220906862057745,6.895566685125232,89.10000000000002,5,null,103.05000305175781,0.8125,1377703035000
52.2209246,6.8954769,null,29.222999572753906,null,null,null,1377703034408
52.22090598195791,6.895572803914547,89.10000000000002,5,null,108.02999877929688,0.375,1377703036000
52.22090661060065,6.895572887733579,89.29999999999995,5,null,108.81999969482422,0,1377703037000
52.22090661060065,6.895572887733579,89.29999999999995,5,null,108.04000091552734,0,1377703038000
52.22090661060065,6.895572887733579,89.29999999999995,5,null,107.75,0,1377703039000
52.22090661060065,6.895572887733579,89.29999999999995,5,null,107.62999725341797,0,1377703040000
52.220910298638046,6.8955829460173845,89.79999999999995,5,null,107.2699966430664,0.625,1377703041000
52.22090682014823,6.895601470023394,89.89999999999998,5,null,112.22000122070312,1.125,1377703042000
52.220900994725525,6.89562032930553,89.79999999999995,5,null,117.06999969482422,1.25,1377703043000
52.22089567221701,6.895637763664126,89.79999999999995,5,null,118.87999725341797,1.25,1377703044000
52.22088917624205,6.895652851089835,89.79999999999995,5,null,127.62000274658203,1.1875,1377703045000
52.22088205162436,6.895666932687163,89.70000000000005,5,null,129.7899932861328,1.1875,1377703046000
52.220875597558916,6.895680762827396,89.70000000000005,5,null,128.8699951171875,1.125,1377703047000
52.22086960449815,6.895693922415376,89.70000000000005,5,null,127.80999755859375,1.0625,1377703048000
52.220865497365594,6.895706579089165,89.60000000000002,5,null,118.83000183105469,0.9375,1377703049000
52.2208615578711,6.895721247419715,89.60000000000002,5,null,116.19000244140625,1,1377703050000
52.22085711546242,6.895736753940582,89.5,5,null,113.19000244140625,1.0625,1377703051000
52.22085321787745,6.8957531824707985,89.5,5,null,109.20999908447266,1.0625,1377703052000
52.2208504518494,6.895769024267793,89.39999999999998,5,null,103.38999938964844,1,1377703053000
52.220848901197314,6.895785704255104,89.5,5,null,98.33999633789062,1.0625,1377703054000
52.220847182907164,6.895801043137908,89.5,5,null,98.44000244140625,1,1377703055000
52.22084450069815,6.8958156276494265,89.5,5,null,109.2699966430664,1,1377703056000
52.2209246,6.8954769,null,29.222999572753906,null,null,null,1377703055128
52.22084005828947,6.895830212160945,89.5,5,null,119.56999969482422,1.0625,1377703057000
52.220836454071105,6.895846808329225,89.60000000000002,5,null,111.66999816894531,1.125,1377703058000
52.22082321066409,6.895919227972627,89.5,5,null,110.79000091552734,0.75,1377703063000
52.22081801388413,6.8959349021315575,89.10000000000002,5,null,115.08000183105469,1.0625,1377703064000
52.220813990570605,6.895954934880137,89.10000000000002,5,null,107.41000366210938,1.3125,1377703065000
52.22081093117595,6.895977733656764,89,5,null,107.63999938964844,1.4375,1377703066000
52.220806195400655,6.896002124994993,89.10000000000002,5,null,112.25,1.625,1377703067000
52.22080259118229,6.896025845780969,89,5,null,107,1.5625,1377703068000
52.220801250077784,6.8960497342050076,88.79999999999995,5,null,102.54000091552734,1.5,1377703069000
52.2208002442494,6.896072868257761,88.79999999999995,5,null,102.44000244140625,1.4375,1377703070000
52.22079907078296,6.896095583215356,88.60000000000002,5,null,101.54000091552734,1.4375,1377703071000
52.2209715,6.8954841,null,22,null,null,null,1377703070122
52.22079802304506,6.896116202697158,88.10000000000002,5,null,102.27999877929688,1.3125,1377703072000
52.22079651430249,6.8961357325315475,87.79999999999995,5,null,99.63999938964844,1.25,1377703073000
52.220796179026365,6.896155094727874,87.39999999999998,5,null,91.16000366210938,1.25,1377703074000
52.22079684957862,6.896173032000661,87,5,null,87.3499984741211,1.125,1377703075000
52.22079877741635,6.896191136911511,86.60000000000002,5,null,85.93000030517578,1.125,1377703076000
52.220800621435046,6.89620915800333,86.5,5,null,84.86000061035156,1.0625,1377703077000
52.22080217208713,6.896225418895483,86.29999999999995,5,null,82.62999725341797,1.0625,1377703078000
52.22080338746309,6.896241428330541,86.10000000000002,5,null,84.05999755859375,1,1377703079000
52.22080443520099,6.896256180480123,85.79999999999995,5,null,82.8499984741211,0.9375,1377703080000
52.22080602776259,6.896270513534546,85.70000000000005,5,null,80.45999908447266,0.875,1377703081000
52.2209715,6.8954841,null,22,null,null,null,1377703095168
52.22081382293254,6.896301945671439,86.10000000000002,5,null,64.70999908447266,0.125,1377703097000
52.22081382293254,6.896301945671439,86.10000000000002,5,null,64.70999908447266,0,1377703098000
52.22081382293254,6.896301945671439,86.10000000000002,5,null,64.70999908447266,0,1377703099000
52.22081382293254,6.896301945671439,86.10000000000002,5,null,64.70999908447266,0.0625,1377703100000
52.22084923647344,6.896324995905161,89.10000000000002,5,null,64.30999755859375,0.4375,1377703102000
52.22087446600199,6.896348046138883,90.70000000000005,5,null,28.34000015258789,0.875,1377703107000
52.2208878,6.8955188,null,39.5,null,null,null,1377703110189
52.22090296447277,6.896359780803323,91.79999999999995,5,null,352.9800109863281,0.0625,1377703112000
52.2223812,6.8940499,null,1058,null,null,null,1377703275704
52.2213451,6.8953334,null,34.5,null,null,null,1377703278541
52.22133974544704,6.895311204716563,88.10000000000002,10,null,0,0.375,1377703280000
52.22126384731382,6.895205844193697,107.5,15,null,0,0.125,1377703283000
52.22132256254554,6.895248759537935,108.10000000000002,10,null,0,0.125,1377703284000
52.22132256254554,6.895248759537935,108.10000000000002,5,null,0,0.0625,1377703285000
52.22132256254554,6.895248759537935,108.10000000000002,5,null,66.7300033569336,0.5,1377703286000
52.22132256254554,6.895248759537935,108.10000000000002,5,null,66.7300033569336,0.4375,1377703287000
52.2213729377836,6.895267032086849,108.79999999999995,5,null,53.36000061035156,0.75,1377703288000
52.22137888893485,6.895270803943276,107.89999999999998,5,null,53.040000915527344,0.4375,1377703289000
52.221372267231345,6.8952646013349295,107.5,5,null,53.060001373291016,0.125,1377703290000
52.22137151286006,6.895262924954295,108,5,null,53.06999969482422,0,1377703291000
52.22137151286006,6.895262924954295,108,5,null,53.08000183105469,0,1377703292000
52.22137151286006,6.895262924954295,108,5,null,53.06999969482422,0,1377703293000
52.22137151286006,6.895262924954295,108,5,null,53.06999969482422,0,1377703294000
52.22137151286006,6.895262924954295,108,5,null,53.06999969482422,0,1377703295000
52.22137151286006,6.895262924954295,108,5,null,53.06999969482422,0,1377703296000
52.22137151286006,6.895262924954295,108,5,null,53.06999969482422,0,1377703297000
52.22137151286006,6.895262924954295,108,5,null,53.06999969482422,0,1377703298000
52.22137151286006,6.895262924954295,108,5,null,53.06999969482422,0,1377703299000
52.22137151286006,6.895262924954295,108,5,null,53.06999969482422,0,1377703300000
52.2213201,6.8953053,null,36,null,null,null,1377703299318
52.22137151286006,6.895262924954295,108,5,null,53.06999969482422,0,1377703301000
52.22137151286006,6.895262924954295,108,5,null,53.06999969482422,0,1377703302000
52.22137151286006,6.895262924954295,108,5,null,53.06999969482422,0,1377703303000
52.22137151286006,6.895262924954295,108,5,null,53.06999969482422,0,1377703304000
52.22137151286006,6.895262924954295,108,5,null,53.06999969482422,0,1377703305000
52.22137151286006,6.895262924954295,108,5,null,53.06999969482422,0,1377703306000
52.22137151286006,6.895262924954295,108,5,null,53.06999969482422,0,1377703307000
52.22137151286006,6.895262924954295,108,5,null,53.06999969482422,0,1377703308000
52.22137151286006,6.895262924954295,108,5,null,53.06999969482422,0,1377703309000
52.22137151286006,6.895262924954295,108,5,null,53.06999969482422,0,1377703310000
52.22137151286006,6.895262924954295,108,5,null,53.06999969482422,0,1377703311000
52.22137151286006,6.895262924954295,108,5,null,53.06999969482422,0,1377703312000
52.22137151286006,6.895262924954295,108,5,null,53.06999969482422,0,1377703313000
52.22137151286006,6.895262924954295,108,5,null,53.06999969482422,0,1377703314000
52.22137151286006,6.895262924954295,108,5,null,53.06999969482422,0,1377703315000
52.22137151286006,6.895262924954295,108,5,null,53.06999969482422,0,1377703316000
52.22137151286006,6.895262924954295,108,5,null,53.06999969482422,0,1377703317000
52.2213142,6.8952982,null,20.47800064086914,null,null,null,1377703315814
52.22137151286006,6.895262924954295,108,5,null,53.06999969482422,0,1377703318000
52.22137151286006,6.895262924954295,108,5,null,53.06999969482422,0,1377703319000
52.22137151286006,6.895262924954295,108,5,null,53.06999969482422,0.0625,1377703320000
52.22137151286006,6.895262924954295,108,5,null,53.06999969482422,0.0625,1377703321000
52.22137151286006,6.895262924954295,108,5,null,53.06999969482422,0,1377703322000
52.22137151286006,6.895262924954295,108,5,null,53.06999969482422,0,1377703323000
52.22137151286006,6.895262924954295,108,5,null,53.06999969482422,0,1377703324000
52.22137151286006,6.895262924954295,108,5,null,53.06999969482422,0,1377703325000
52.22137151286006,6.895262924954295,108,5,null,53.06999969482422,0,1377703326000
52.22137151286006,6.895262924954295,108,5,null,53.06999969482422,0,1377703327000
52.22137151286006,6.895262924954295,108,5,null,53.06999969482422,0,1377703328000
52.22137151286006,6.895262924954295,108,5,null,53.06999969482422,0,1377703329000
52.22137151286006,6.895262924954295,108,5,null,53.06999969482422,0,1377703330000
52.22137151286006,6.895262924954295,108,5,null,53.06999969482422,0,1377703331000
52.22137151286006,6.895262924954295,108,5,null,53.06999969482422,0,1377703332000
52.22137151286006,6.895262924954295,108,5,null,53.06999969482422,0,1377703333000
52.22137151286006,6.895262924954295,108,5,null,53.06999969482422,0,1377703334000
52.22137151286006,6.895262924954295,108,5,null,53.06999969482422,0,1377703335000
52.22137151286006,6.895262924954295,108,5,null,53.06999969482422,0,1377703336000
52.22137151286006,6.895262924954295,108,5,null,53.06999969482422,0,1377703337000
52.22131,6.895289,null,30,null,null,null,1377703335828
52.22137151286006,6.895262924954295,108,5,null,53.06999969482422,0,1377703338000
52.22137151286006,6.895262924954295,108,5,null,53.06999969482422,0,1377703339000
52.22137151286006,6.895262924954295,108,5,null,53.06999969482422,0,1377703340000
52.221339703537524,6.895230151712894,97.39999999999998,5,null,53.06999969482422,0,1377703342000
52.221318958327174,6.895201904699206,101,5,null,53.06999969482422,0,1377703359000
52.221318958327174,6.895201904699206,101,5,null,53.06999969482422,0.0625,1377703360000
52.2210724,6.895291,null,70.14700317382812,null,null,null,1377703359564
52.221318958327174,6.895201904699206,101,5,null,53.06999969482422,0,1377703361000
52.221318958327174,6.895201904699206,101,5,null,53.06999969482422,0.0625,1377703362000
52.221318958327174,6.895201904699206,101,5,null,53.06999969482422,0.125,1377703363000
52.221318958327174,6.895201904699206,101,5,null,53.06999969482422,0.0625,1377703364000
52.221318958327174,6.895201904699206,101,5,null,53.06999969482422,0.0625,1377703365000
52.221318958327174,6.895201904699206,101,5,null,53.06999969482422,0.125,1377703366000
52.221318958327174,6.895201904699206,101,5,null,53.06999969482422,0,1377703367000
52.221318958327174,6.895201904699206,101,5,null,53.06999969482422,0,1377703368000
52.221318958327174,6.895201904699206,101,5,null,53.06999969482422,0,1377703369000
52.221318958327174,6.895201904699206,101,5,null,53.06999969482422,0,1377703370000
52.221318958327174,6.895201904699206,101,5,null,53.06999969482422,0,1377703371000
52.221318958327174,6.895201904699206,101,5,null,53.06999969482422,0,1377703372000
52.221318958327174,6.895201904699206,101,5,null,53.06999969482422,0,1377703373000
52.221318958327174,6.895201904699206,101,5,null,53.06999969482422,0,1377703374000
52.221318958327174,6.895201904699206,101,5,null,53.06999969482422,0,1377703375000
52.221318958327174,6.895201904699206,101,5,null,53.06999969482422,0,1377703376000
52.221318958327174,6.895201904699206,101,5,null,53.06999969482422,0,1377703377000
52.2212885,6.8952895,null,33,null,null,null,1377703375961
52.221318958327174,6.895201904699206,101,5,null,53.06999969482422,0,1377703378000
52.221318958327174,6.895201904699206,101,5,null,53.06999969482422,0,1377703379000
52.221318958327174,6.895201904699206,101,5,null,53.06999969482422,0,1377703380000
52.221318958327174,6.895201904699206,101,5,null,53.06999969482422,0,1377703381000
52.221318958327174,6.895201904699206,101,5,null,53.06999969482422,0,1377703382000
52.221318958327174,6.895201904699206,101,5,null,53.06999969482422,0,1377703383000
52.221318958327174,6.895201904699206,101,5,null,53.06999969482422,0.0625,1377703384000
52.221318958327174,6.895201904699206,101,5,null,53.06999969482422,0,1377703385000
52.221318958327174,6.895201904699206,101,5,null,53.06999969482422,0.0625,1377703386000
52.221318958327174,6.895201904699206,101,5,null,53.06999969482422,0,1377703387000
52.221318958327174,6.895201904699206,101,5,null,53.06999969482422,0.0625,1377703388000
52.221318958327174,6.895201904699206,101,5,null,53.06999969482422,0.0625,1377703389000
52.22133668605238,6.8951809499412775,103.20000000000005,5,null,127.8499984741211,0.4375,1377703390000
52.22133400384337,6.895177513360977,103.20000000000005,5,null,146.82000732421875,0.4375,1377703391000
52.22132964525372,6.895177680999041,103.20000000000005,5,null,162.58999633789062,0.5,1377703392000
52.221323191188276,6.895177848637104,103.20000000000005,5,null,175.7899932861328,0.625,1377703393000
52.22131820395589,6.895177597180009,103.10000000000002,5,null,178.1199951171875,0.625,1377703394000
52.221310660243034,6.895176507532597,102.89999999999998,5,null,179.11000061035156,0.75,1377703395000
52.22130412235856,6.8951768428087234,102.79999999999995,5,null,179.13999938964844,0.75,1377703396000
52.22129595000297,6.895178770646453,102.79999999999995,5,null,175.50999450683594,0.75,1377703397000
52.2212797,6.8953003,null,37.5,null,null,null,1377703395960
52.22128580790013,6.895176088437438,102.60000000000002,5,null,180.5399932861328,0.8125,1377703398000
52.221273528411984,6.895172484219074,102.29999999999995,5,null,181.85000610351562,0.25,1377703399000
52.22126024309546,6.895168041810393,101.89999999999998,5,null,183.16000366210938,0.375,1377703400000
52.22124947234988,6.895167622715235,101.70000000000005,5,null,172.55999755859375,0.5625,1377703401000
52.22123036161065,6.895162845030427,101.39999999999998,5,null,168.75,0.5625,1377703402000
52.22121732775122,6.895157648250461,101.20000000000005,5,null,167.1199951171875,0.3125,1377703403000
52.221209281124175,6.8951591569930315,100.79999999999995,5,null,165.47999572753906,0.1875,1377703404000
52.2212053835392,6.8951585702598095,100.89999999999998,5,null,167.3300018310547,0.125,1377703405000
52.2212053835392,6.8951585702598095,100.89999999999998,5,null,168.16000366210938,0.0625,1377703406000
52.2212053835392,6.8951585702598095,100.89999999999998,5,null,168.47999572753906,0.0625,1377703407000
52.2212053835392,6.8951585702598095,100.89999999999998,5,null,168.61000061035156,0.0625,1377703408000
52.2212053835392,6.8951585702598095,100.89999999999998,5,null,168.66000366210938,0.125,1377703409000
52.2212053835392,6.8951585702598095,100.89999999999998,5,null,168.69000244140625,0.125,1377703410000
52.2212053835392,6.8951585702598095,100.89999999999998,5,null,168.69000244140625,0.0625,1377703411000
52.2212053835392,6.8951585702598095,100.89999999999998,5,null,168.6999969482422,0.0625,1377703412000
52.22119863610715,6.895174076780677,100.5,5,null,150.9600067138672,0.5,1377703413000
52.221189751289785,6.895173154771328,100.29999999999995,5,null,150.8300018310547,0.3125,1377703414000
52.22118040546775,6.895172316581011,100.20000000000005,5,null,150.7100067138672,0.25,1377703415000
52.22117240075022,6.895164521411061,100.10000000000002,5,null,153.08999633789062,0.3125,1377703416000
52.22117240075022,6.895164521411061,100.10000000000002,5,null,152.88999938964844,0,1377703417000
52.22117240075022,6.895164521411061,100.10000000000002,5,null,152.8300018310547,0.0625,1377703418000
52.22117240075022,6.895164521411061,100.10000000000002,5,null,152.80999755859375,0.0625,1377703419000
52.22117240075022,6.895164521411061,100.10000000000002,5,null,152.8000030517578,0,1377703420000
52.22117240075022,6.895164521411061,100.10000000000002,5,null,152.7899932861328,0,1377703421000
52.22117240075022,6.895164521411061,100.10000000000002,5,null,152.7899932861328,0,1377703422000
52.22117240075022,6.895164521411061,100.10000000000002,5,null,152.7899932861328,0,1377703423000
52.2209724,6.8953565,null,60.415000915527344,null,null,null,1377703422624
52.22117240075022,6.895164521411061,100.10000000000002,5,null,152.7899932861328,0,1377703424000
52.22117240075022,6.895164521411061,100.10000000000002,5,null,152.7899932861328,0,1377703425000
52.22117240075022,6.895164521411061,100.10000000000002,5,null,152.7899932861328,0,1377703426000
52.22117240075022,6.895164521411061,100.10000000000002,5,null,152.7899932861328,0.0625,1377703427000
52.22117240075022,6.895164521411061,100.10000000000002,5,null,152.7899932861328,0.0625,1377703428000
52.22117240075022,6.895164521411061,100.10000000000002,5,null,152.7899932861328,0.0625,1377703429000
52.22117240075022,6.895164521411061,100.10000000000002,5,null,152.7899932861328,0.0625,1377703430000
52.22117240075022,6.895164521411061,100.10000000000002,5,null,152.7899932861328,0,1377703431000
52.22117240075022,6.895164521411061,100.10000000000002,5,null,152.7899932861328,0.0625,1377703432000
52.22117240075022,6.895164521411061,100.10000000000002,5,null,152.7899932861328,0.125,1377703433000
52.22117240075022,6.895164521411061,100.10000000000002,5,null,152.7899932861328,0.0625,1377703434000
52.22117240075022,6.895164521411061,100.10000000000002,5,null,152.7899932861328,0,1377703435000
52.22117240075022,6.895164521411061,100.10000000000002,5,null,152.7899932861328,0,1377703436000
52.22117240075022,6.895164521411061,100.10000000000002,5,null,152.7899932861328,0.125,1377703437000
52.22117240075022,6.895164521411061,100.10000000000002,5,null,152.7899932861328,0.0625,1377703438000
52.22117240075022,6.895164521411061,100.10000000000002,5,null,152.7899932861328,0,1377703439000
52.22117240075022,6.895164521411061,100.10000000000002,5,null,152.7899932861328,0,1377703440000
52.22117240075022,6.895164521411061,100.10000000000002,5,null,152.7899932861328,0.0625,1377703441000
52.22117240075022,6.895164521411061,100.10000000000002,5,null,152.7899932861328,0,1377703442000
52.22117240075022,6.895164521411061,100.10000000000002,5,null,152.7899932861328,0.0625,1377703443000
52.22117240075022,6.895164521411061,100.10000000000002,5,null,152.7899932861328,0.0625,1377703444000
52.22117240075022,6.895164521411061,100.10000000000002,5,null,152.7899932861328,0.125,1377703445000
52.22117240075022,6.895164521411061,100.10000000000002,5,null,152.7899932861328,0.0625,1377703446000
52.22117240075022,6.895164521411061,100.10000000000002,5,null,152.7899932861328,0.0625,1377703447000
52.22117240075022,6.895164521411061,100.10000000000002,5,null,152.7899932861328,0,1377703448000
52.2209046,6.8953954,null,22.63800048828125,null,null,null,1377703446808
52.22117240075022,6.895164521411061,100.10000000000002,5,null,152.7899932861328,0,1377703449000
52.22117240075022,6.895164521411061,100.10000000000002,5,null,152.7899932861328,0.125,1377703450000
52.22115144599229,6.895150355994701,103.39999999999998,5,null,155.3000030517578,0.5,1377703451000
52.22114708740264,6.895151864737272,103.89999999999998,5,null,156.3300018310547,0.5625,1377703452000
52.22114344127476,6.895156558603048,104.20000000000005,5,null,162.58999633789062,0.625,1377703453000
52.22113883122802,6.895163347944617,104.60000000000002,5,null,164.99000549316406,0.6875,1377703454000
52.22113447263837,6.89516837708652,105,5,null,163.5,0.625,1377703455000
52.22113078460097,6.895174579694867,105.20000000000005,5,null,159.69000244140625,0.5625,1377703456000
52.22112588118762,6.89518011175096,105.5,5,null,157.22999572753906,0.625,1377703457000
52.221120349131525,6.895184554159641,105.5,5,null,158.22999572753906,0.6875,1377703458000
52.221113056875765,6.8951889127492905,105.79999999999995,5,null,160.35000610351562,0.75,1377703459000
52.221105974167585,6.8951992224901915,105.89999999999998,5,null,157.9600067138672,0.9375,1377703460000
52.22109872382134,6.895206766203046,106,5,null,158.94000244140625,0.875,1377703461000
52.221092311665416,6.895214561372995,106.10000000000002,5,null,157.11000061035156,0.875,1377703462000
52.22108874935657,6.8952221889048815,106.20000000000005,5,null,152.4600067138672,0.6875,1377703463000
52.221085228957236,6.895227888599038,106.10000000000002,5,null,146.55999755859375,0.5625,1377703464000
52.221080367453396,6.895232247188687,106,5,null,143.16000366210938,0.5,1377703465000
52.22107475157827,6.895234677940607,106,5,null,151.88999938964844,0.5625,1377703466000
52.22106779459864,6.8952377792447805,105.79999999999995,5,null,157.69000244140625,0.6875,1377703467000
52.22106008324772,6.895244652405381,105.70000000000005,5,null,165.92999267578125,0.75,1377703468000
52.2209482,6.8952698,null,26,null,null,null,1377703466858
52.22105111461133,6.895247250795364,105.79999999999995,5,null,169.50999450683594,0.875,1377703469000
52.221045792102814,6.895252782851458,105.70000000000005,5,null,164.5,0.75,1377703470000
52.221038793213665,6.895258147269487,105.5,5,null,158.0399932861328,0.8125,1377703471000
52.221029698848724,6.8952651880681515,105.20000000000005,5,null,148.2899932861328,0.9375,1377703472000
52.221019682474434,6.895271558314562,105.20000000000005,5,null,152.14999389648438,1,1377703473000
52.221010378561914,6.895278347656131,105,5,null,151.35000610351562,1,1377703474000
52.220999943092465,6.895280862227082,105,5,null,159.64999389648438,1,1377703475000
52.2209905134514,6.895283125340939,105,5,null,164.2100067138672,0.9375,1377703476000
52.22096608020365,6.895307684317231,104.79999999999995,5,null,139.66000366210938,1,1377703479000
52.22095903940499,6.895319418981671,104.70000000000005,5,null,132.77000427246094,1,1377703480000
52.22094604745507,6.895363423973322,104.5,5,null,112.36000061035156,0.875,1377703483000
52.22094131167978,6.895369039848447,104.29999999999995,5,null,118.41000366210938,0.625,1377703484000
52.220942568965256,6.8953673634678125,104.39999999999998,5,null,117.95999908447266,0,1377703485000
52.22094261087477,6.8953673634678125,104.39999999999998,5,null,117.70999908447266,0,1377703486000
52.22094261087477,6.8953673634678125,104.39999999999998,5,null,117.9000015258789,0,1377703487000
52.22094261087477,6.8953673634678125,104.39999999999998,5,null,117.9800033569336,0,1377703488000
52.2209524,6.8954163,null,57.93000030517578,null,null,null,1377703486903
52.22094261087477,6.8953673634678125,104.39999999999998,5,null,118.01000213623047,0,1377703489000
52.22094261087477,6.8953673634678125,104.39999999999998,5,null,118.0199966430664,0,1377703490000
52.22094261087477,6.8953673634678125,104.39999999999998,5,null,118.02999877929688,0,1377703491000
52.22094261087477,6.8953673634678125,104.39999999999998,5,null,118.02999877929688,0,1377703492000
52.22094261087477,6.8953673634678125,104.39999999999998,5,null,118.02999877929688,0,1377703493000
52.22094261087477,6.8953673634678125,104.39999999999998,5,null,118.02999877929688,0,1377703494000
52.22094261087477,6.8953673634678125,104.39999999999998,5,null,118.02999877929688,0,1377703495000
52.22094261087477,6.8953673634678125,104.39999999999998,5,null,118.02999877929688,0,1377703496000
52.22094261087477,6.8953673634678125,104.39999999999998,5,null,118.02999877929688,0,1377703497000
52.22094261087477,6.8953673634678125,104.39999999999998,5,null,118.02999877929688,0,1377703498000
52.22094261087477,6.8953673634678125,104.39999999999998,5,null,118.02999877929688,0,1377703499000
52.22094261087477,6.8953673634678125,104.39999999999998,5,null,118.02999877929688,0,1377703500000
52.22094261087477,6.8953673634678125,104.39999999999998,5,null,118.02999877929688,0,1377703501000
52.22094261087477,6.8953673634678125,104.39999999999998,5,null,118.02999877929688,0,1377703502000
52.2209231229499,6.895449925214052,104.70000000000005,20,null,0,0.0625,1377703504000
52.22093896474689,6.8954389449208975,104.70000000000005,10,null,0,0.25,1377703505000
52.22091411240399,6.895445147529244,107.89999999999998,5,null,0,0.3125,1377703506000
