Latitude,Longitude,Altitude,Accuracy,Altitude Accuracy,Heading,Speed,Timestamp
52.219621539115906,6.897908337414265,95.79999999999995,5,null,176.75,1.1875,1377703951000
52.21958256326616,6.8979240115731955,96.60000000000002,5,null,161.58999633789062,1.3125,1377703954000
52.21939690411091,6.897916300222278,100.79999999999995,5,null,192.11000061035156,1.3125,1377703970000
52.21938760019839,6.897889310494065,102.79999999999995,5,null,218.0800018310547,1.0625,1377703971000
52.219371842220426,6.897859303280711,105.5,5,null,235.08999633789062,1.25,1377703972000
52.219355162233114,6.897825272753835,109.29999999999995,5,null,246.67999267578125,1.1875,1377703974000
52.2192737,6.8965995,null,62.09400177001953,null,null,null,1377703973361
52.219350510276854,6.897809682413936,109.89999999999998,5,null,246.63999938964844,1.125,1377703975000
52.219338649883866,6.897757211700082,111.70000000000005,5,null,250.02999877929688,1.3125,1377703978000
52.21931694075465,6.897729299962521,110,5,null,205.85000610351562,0.75,1377703984000
52.21931031905115,6.897725276648998,109.20000000000005,5,null,200.77999877929688,0.8125,1377703985000
52.219303445890546,6.897712955251336,108.70000000000005,5,null,208.44000244140625,0.9375,1377703986000
52.219298793934286,6.897701304405928,107.5,5,null,211.66000366210938,0.8125,1377703987000
52.219296991825104,6.897693173959851,106.20000000000005,5,null,225.32000732421875,0.625,1377703988000
52.21929573453963,6.897672638297081,104.5,5,null,247.11000061035156,0.5625,1377703989000
52.2192930104211,6.897654114291072,102.89999999999998,5,null,261.510009765625,0.6875,1377703990000
52.21928672399372,6.897637769579887,101.79999999999995,5,null,264.3599853515625,0.875,1377703991000
52.21928617917001,6.897617569193244,100,5,null,269.69000244140625,0.625,1377703992000
52.21928370650858,6.897599129006267,98.70000000000005,5,null,269.69000244140625,0.75,1377703993000
52.21928014419973,6.8975811917334795,97.60000000000002,5,null,247.1999969482422,1,1377703994000
52.2192766238004,6.897564930841327,96.70000000000005,5,null,243.49000549316406,1,1377703995000
52.2192737,6.8965995,null,62.09400177001953,null,null,null,1377703994427
52.219271385110915,6.897549172863364,96,5,null,241.52999877929688,1.0625,1377703996000
52.219268954358995,6.897534001618624,95.10000000000002,5,null,248.47000122070312,0.9375,1377703997000
52.21926543395966,6.897515980526805,94.70000000000005,5,null,254.77000427246094,1,1377703998000
52.21926317084581,6.89750106073916,94.10000000000002,5,null,263.2099914550781,0.9375,1377703999000
52.21926053054631,6.897483794018626,93.70000000000005,5,null,269.2200012207031,1,1377704000000
52.219259231351316,6.897466611117125,93.39999999999998,5,null,271,1,1377704001000
52.21925709396601,6.897449595853686,93.20000000000005,5,null,269.010009765625,1,1377704002000
52.21925315447152,6.897429898381233,93.10000000000002,5,null,264.0899963378906,1.1875,1377704003000
52.219248921610415,6.897409278899431,93.10000000000002,5,null,259.510009765625,1.25,1377704004000
52.219245987944305,6.89739067107439,92.89999999999998,5,null,259.9700012207031,1.1875,1377704005000
52.219239198602736,6.897368123754859,93,5,null,257.6700134277344,1.375,1377704006000
52.21923467237502,6.897347085177898,93.10000000000002,5,null,255.82000732421875,1.3125,1377704007000
52.21923127770424,6.897327806800604,92.89999999999998,5,null,256.3399963378906,1.25,1377704008000
52.21923014614731,6.897309282794595,92.70000000000005,5,null,259.3500061035156,1.1875,1377704009000
52.21922729630023,6.897290926426649,92.60000000000002,5,null,258.1000061035156,1.125,1377704010000
52.2192737,6.8965995,null,62.09400177001953,null,null,null,1377704009464
52.21922419499606,6.897272653877735,92.60000000000002,5,null,256.07000732421875,1.125,1377704011000
52.219223524443805,6.8972554709762335,92.5,5,null,257.4700012207031,1.0625,1377704012000
52.21922117751092,6.897238288074732,92.39999999999998,5,null,257.70001220703125,1.0625,1377704013000
52.219218453392386,6.897220015525818,92.39999999999998,5,null,255.69000244140625,1.125,1377704014000
52.21921941731125,6.8972009886056185,92.39999999999998,5,null,259.05999755859375,1.125,1377704015000
52.219218369573355,6.897181794047356,92.20000000000005,5,null,263.1499938964844,1.1875,1377704016000
52.21921560354531,6.897162431851029,92.20000000000005,5,null,265.4599914550781,1.1875,1377704017000
52.2192116221413,6.897142566740513,92.20000000000005,5,null,266.8299865722656,1.25,1377704018000
52.219205922447145,6.897121025249362,92.29999999999995,5,null,260.92999267578125,1.3125,1377704019000
52.219202276319265,6.897101160138845,92.29999999999995,5,null,258.4100036621094,1.25,1377704020000
52.219197624363005,6.897080959752202,92.39999999999998,5,null,254.52999877929688,1.3125,1377704021000
52.21919552888721,6.897063022479415,92.39999999999998,5,null,253.08999633789062,1.25,1377704022000
52.219194187782705,6.897045755758882,92.29999999999995,5,null,256.07000732421875,1.1875,1377704023000
52.219190960749984,6.897028153762221,92.20000000000005,5,null,256.4200134277344,1.1875,1377704024000
52.21918890718371,6.897010048851371,92.10000000000002,5,null,258.8800048828125,1.1875,1377704025000
52.2191875660792,6.896990435197949,92.10000000000002,5,null,258.8699951171875,1.25,1377704026000
52.219187607988715,6.896973587572575,92,5,null,260.239990234375,1.125,1377704027000
52.219186183065176,6.896956572309136,91.89999999999998,5,null,258.239990234375,1.125,1377704028000
52.21918303985149,6.896938886493444,91.79999999999995,5,null,251.80999755859375,1.1875,1377704029000
52.219177884981036,6.896920781582594,91.79999999999995,5,null,246.5500030517578,1.25,1377704030000
52.2183017,6.8974578,null,1016,null,null,null,1377704029446
52.21917285583913,6.89690250903368,91.70000000000005,5,null,249.02999877929688,1.3125,1377704031000
52.21916866488755,6.89688297919929,91.70000000000005,5,null,248.85000610351562,1.3125,1377704032000
52.219164432026446,6.896863197907805,91.70000000000005,5,null,250.9199981689453,1.3125,1377704033000
52.21915336791426,6.896806955337524,91.70000000000005,5,null,257.4700012207031,1.1875,1377704036000
52.219143896363676,6.896749706938863,91.79999999999995,5,null,261.04998779296875,1.25,1377704039000
52.21913677174598,6.896711317822337,91.70000000000005,5,null,254.75999450683594,1.25,1377704041000
52.21911393105984,6.896568909287453,91.39999999999998,5,null,252.6699981689453,1.0625,1377704050000
52.219107183627784,6.896553235128522,91.10000000000002,5,null,252.44000244140625,1.25,1377704051000
52.2183017,6.8974578,null,1016,null,null,null,1377704049517
52.2190995560959,6.896533705294132,91,5,null,253,1.3125,1377704052000
52.21909104846418,6.89651551656425,90.79999999999995,5,null,253.2100067138672,1.375,1377704053000
52.21908627077937,6.896498333662748,90.5,5,null,254.35000610351562,1.25,1377704054000
52.21908111590892,6.896480396389961,90.29999999999995,5,null,256.17999267578125,1.1875,1377704055000
52.21908044535667,6.896464889869094,89.79999999999995,5,null,256.8399963378906,1.125,1377704056000
52.21907776314765,6.896450221538544,89.39999999999998,5,null,255.32000732421875,1.0625,1377704057000
52.21907633822411,6.896433457732201,89.10000000000002,5,null,250.97000122070312,1.125,1377704058000
52.21907265018672,6.896416945382953,89,5,null,249.92999267578125,1.125,1377704059000
52.219067621044815,6.896401355043054,88.70000000000005,5,null,245.4600067138672,1.125,1377704060000
52.21906242426485,6.896384339779615,88.70000000000005,5,null,243.3300018310547,1.125,1377704061000
52.21905869431794,6.896365815773606,88.70000000000005,5,null,243.85000610351562,1.1875,1377704062000
52.21905320417136,6.896350560709834,88.39999999999998,5,null,240.00999450683594,1.0625,1377704063000
52.219045157544315,6.896337065845728,88.20000000000005,5,null,235.24000549316406,1.125,1377704064000
52.219023113138974,6.896313512697816,88.70000000000005,5,null,178.27999877929688,0.1875,1377704069000
52.21902261022478,6.896309992298484,89.10000000000002,5,null,186.55999755859375,0.0625,1377704070000
52.2183017,6.8974578,null,1016,null,null,null,1377704069503
52.21902261022478,6.896309992298484,89.10000000000002,5,null,191.44000244140625,0,1377704071000
52.21904234960675,6.896277470514178,90.79999999999995,5,null,333.1400146484375,0.75,1377704086000
52.219044947996736,6.896274788305163,90.89999999999998,5,null,344.1199951171875,0.3125,1377704087000
52.21904746256769,6.8962780572474,90.89999999999998,5,null,355.1099853515625,0.25,1377704088000
52.21905219834298,6.8962909653782845,91.39999999999998,5,null,349.1400146484375,0.1875,1377704089000
52.21905219834298,6.8962909653782845,91.39999999999998,5,null,344.7300109863281,0,1377704090000
52.2183017,6.8974578,null,1016,null,null,null,1377704089530
52.21905219834298,6.8962909653782845,91.39999999999998,5,null,342.989990234375,0,1377704091000
52.21905219834298,6.8962909653782845,91.39999999999998,5,null,342.2799987792969,0,1377704092000
