Question,Answer,Latitude,Longitude,Altitude,Accuracy,Altitude Accuracy,Heading,Speed,Timestamp
1,C,52.220697112902755,6.895312138763748,93.08656593158494,4,null,null,0,1377335918302
2,1, 50,52.22132130266936,6.895473035690609,83.44257596642241,6,null,81.46190643310547,1.0837806463241577,1377336096001
3,D,52.22234254834506,6.890353406775659,92.25414053009165,8,null,222.93307495117188,0,1377336513001
4,2000,52.23027287202753,6.893213314592299,76.29347183650202,6,null,46.19397735595703,0,1377337470001
5,B,52.22201914690535,6.896637088390805,94.01836492177503,8,null,176.0419921875,3.5923197269439697,1377338274000
6,B,52.22279605347195,6.895887774933249,124.71080217941078,24,null,358.34979248046875,0,1377338571000
7,D,52.2212826331512,6.8952166724014345,91.34598161298346,4,null,340.38775634765625,0,1377338889000
8,D,52.220265003754044,6.887424321742559,80.78201236454993,6,null,302.9837951660156,0,1377339293000
9,dienst uitvoering onderwijs,52.21847694707441,6.889446298367447,83.57350560151372,6,null,273.4287109375,0,1377339498000
10,B,52.22012373142744,6.89421262480585,85.64613768858676,6,null,5.458540916442871,1.7133976221084595,1377339858000
11,1,00,52.2197567734001,6.896184337397097,91.54719627872123,8,null,220.51797485351562,0.6613050103187561,1377340102000
12,C,52.2204757,6.8887296,null,985,null,null,null,1377340389123
