Latitude,Longitude,Altitude,Accuracy,Altitude Accuracy,Heading,Speed,Timestamp
52.22154940230672,6.895145866648377,91.38732955316128,8,null,169.5719451904297,1.8991107940673828,1377338801000
52.221480902998614,6.89515584450667,91.34397155275266,8,null,170.22125244140625,2.028052568435669,1377338803000
52.22139733274038,6.895164138618384,91.34082888834013,8,null,181.3778533935547,1.894511103630066,1377338806000
52.22137725601322,6.895174698838078,91.36855578571613,6,null,161.80557250976562,0,1377338808000
52.22128220613864,6.895223925681298,90.80383616515431,16,null,161.02035522460938,1.849489688873291,1377338815000
52.221279707667314,6.8952253745223615,90.77363712693719,12,null,161.02035522460938,0,1377338816000
52.221199804672125,6.895271013914272,89.80160110576126,12,null,150.76690673828125,1.4790855646133423,1377338821000
52.2212339754884,6.895204482210318,88.24597168261559,6,null,354.0802307128906,0,1377338858000
52.2212826331512,6.8952166724014345,91.34598161298346,4,null,340.38775634765625,0,1377338889000
