Latitude,Longitude,Altitude,Accuracy,Altitude Accuracy,Heading,Speed,Timestamp
52.2204757,6.8887296,null,985,null,null,null,1377341335639
52.21895655745355,6.89868032152782,91.21812184950576,8,null,141.84080505371094,0,1377341336000
52.218973933224575,6.898656041101742,90.75886346910323,6,null,295.818603515625,0,1377341343000
52.2204757,6.8887296,null,985,null,null,null,1377341355656
52.21897172784878,6.898644631665908,89.92159171880508,12,null,210.8679656982422,0.3086141049861908,1377341356000
52.21896815495657,6.898638370651318,89.91156804413383,8,null,181.4757843017578,0.36120709776878357,1377341358000
52.218968370714286,6.898642581037934,91.09930412420849,6,null,217.53152465820312,0.9410069584846497,1377341365000
52.218912804035966,6.898632077860557,92.22625995980556,6,null,190.056884765625,0.9640933275222778,1377341370000
52.218847743889214,6.898585810333497,92.7606804126552,6,null,188.8094482421875,0.9070343375205994,1377341375000
