Latitude,Longitude,Altitude,Accuracy,Altitude Accuracy,Heading,Speed,Timestamp
52.221403322552895,6.895208899322549,95.51228519011795,4,null,133.04737854003906,0,1377336970000
52.221405251061036,6.895207065426456,95.48580082662836,4,null,133.04737854003906,0,1377336971000
52.221406887328016,6.895205427686583,95.45827727733425,6,null,133.04737854003906,0,1377336972000
52.221406321741085,6.895200327891749,95.16933168994736,6,null,225.74139404296875,0.3621489107608795,1377336973000
52.22140539580531,6.89519680053357,94.90521537747227,6,null,201.7631072998047,0.3614567220211029,1377336974000
52.221401844180484,6.895193590168175,94.69241814076865,6,null,187.9934539794922,0.5472283363342285,1377336975000
52.221399511672644,6.895189784559011,94.54573233830308,6,null,189.34295654296875,0.380586177110672,1377336976000
52.22139945226338,6.895184917867194,94.53657163335895,6,null,189.34295654296875,0,1377336977000
52.221399740577446,6.895180166769557,94.53121186051484,4,null,189.34295654296875,0,1377336978000
52.22139987277322,6.895178225558423,94.52648571522548,6,null,189.34295654296875,0,1377336979000
52.221402884286725,6.895174097476265,94.49657760400491,6,null,329.6407775878906,0.4148276746273041,1377336980000
52.22140429455448,6.895171855102137,94.49012236416355,6,null,353.2204284667969,0.28601232171058655,1377336981000
52.2223821,6.8940497,null,1053,null,null,null,1377336980719
52.221402193113434,6.895169855522735,94.4888820994305,6,null,353.2204284667969,0,1377336982000
52.22139900059242,6.895168135485604,94.48655046201691,6,null,353.2204284667969,0,1377336983000
52.221394668326624,6.8951662097960424,94.48369964481333,4,null,353.2204284667969,0,1377336984000
52.221389212722215,6.895163722465261,94.47983723109938,4,null,353.2204284667969,0,1377336985000
52.221382918582194,6.895161595595698,94.47507765614735,8,null,353.2204284667969,0,1377336986000
52.22137638564057,6.895159787072156,94.46844384206257,8,null,353.2204284667969,0,1377336987000
52.22136989837199,6.89515717746365,94.461067550915,6,null,353.2204284667969,0,1377336988000
52.22136407769774,6.895155637231528,94.45164274383876,6,null,353.2204284667969,0,1377336989000
52.22135979685133,6.895153617436563,94.43866564785561,8,null,353.2204284667969,0,1377336990000
52.22135672601741,6.895151292943302,94.42535315758614,8,null,353.2204284667969,0,1377336991000
52.2213538917557,6.895144985674668,94.41014296049298,8,null,353.2204284667969,0,1377336992000
52.22135161921669,6.895138683120712,94.39694817736408,8,null,353.2204284667969,0,1377336993000
52.221349292281275,6.895133299200774,94.38610872295828,6,null,353.2204284667969,0,1377336994000
52.22134718429933,6.8951305391333,94.37616459251753,8,null,353.2204284667969,0,1377336994999
52.22134506591966,6.895129711935341,94.36519808472103,8,null,353.2204284667969,0,1377336995999
52.22134262366856,6.895131535374347,94.35379684088952,8,null,353.2204284667969,0,1377336996999
52.2213405136125,6.895132370986289,94.34412917565503,8,null,353.2204284667969,0,1377336997999
52.2213385577439,6.895132950565102,94.33563855564245,8,null,353.2204284667969,0,1377336998999
52.22133655497067,6.895133129797931,94.32850327658727,8,null,353.2204284667969,0,1377336999999
52.22133463715314,6.895132413512807,94.32086642422315,6,null,353.2204284667969,0,1377337000999
52.2223821,6.8940497,null,1053,null,null,null,1377337000742
52.221332875912346,6.895131684578807,94.31178403363282,8,null,353.2204284667969,0,1377337001999
52.2213310654284,6.895129482044499,94.30078184958795,8,null,353.2204284667969,0,1377337002999
52.22132914132244,6.895127932804889,94.28926191198784,8,null,353.2204284667969,0,1377337003999
52.22132736359291,6.895127295295579,94.27779991002,8,null,353.2204284667969,0,1377337004999
52.2213259945081,6.895124467496516,94.26713071708535,8,null,353.2204284667969,0,1377337005999
52.22132668902702,6.895124480850299,94.17492474032544,8,null,38.26232147216797,0.34518152475357056,1377337006999
52.22132767094122,6.89512498691432,94.09650987175925,8,null,33.0886116027832,0.33293434977531433,1377337007999
52.2213283696048,6.895122561064489,94.04925420085173,8,null,33.0886116027832,0,1377337008999
52.221327093565414,6.895120049139465,94.04664321897958,8,null,33.0886116027832,0,1377337009999
52.22132541654599,6.895117750141631,94.04461574010816,8,null,33.0886116027832,0,1377337010999
52.22132360157521,6.895116211897491,94.05071248519712,8,null,33.0886116027832,0,1377337011999
52.22132222038738,6.895115669368752,94.06135726443581,8,null,33.0886116027832,0,1377337012999
52.22132097724611,6.895116231197101,94.07132821440845,8,null,33.0886116027832,0,1377337013999
52.22131993671985,6.89512013224446,94.07604859241289,8,null,33.0886116027832,0,1377337014999
52.221319257725185,6.8951252247624755,94.07691180851522,8,null,33.0886116027832,0,1377337015999
52.22131840115118,6.8951304439383545,94.07565526606648,8,null,33.0886116027832,0,1377337016999
52.2223821,6.8940497,null,1053,null,null,null,1377337016894
52.22132036280965,6.895131723764366,94.06617009835185,8,null,353.67803955078125,0,1377337018999
52.22131962081337,6.895127743180666,94.06844139037068,8,null,353.67803955078125,0,1377337019999
52.22132406425971,6.895124356781546,94.09796548369766,6,null,351.0181884765625,0.38096103072166443,1377337020999
52.22132405480213,6.8951244812658,94.10289531430868,8,null,351.0181884765625,0,1377337021999
52.22132414153227,6.895125633949135,94.10756029902409,8,null,351.0181884765625,0,1377337022999
52.22132517992148,6.895125836923513,94.1111214121512,8,null,351.0181884765625,0,1377337023999
52.221326435232385,6.895125790957909,94.11307707266202,8,null,351.0181884765625,0,1377337024999
52.221327220626684,6.895126670574089,94.1129611752865,6,null,351.0181884765625,0,1377337025999
52.22132809785619,6.895128625523581,94.1135769332141,6,null,351.0181884765625,0,1377337026999
52.221328240837224,6.895131123102786,94.1147961196921,6,null,351.0181884765625,0,1377337027999
52.22132761420897,6.8951348200097735,94.11733961296727,8,null,351.0181884765625,0,1377337028999
52.221325866603685,6.895138178318177,94.11928892640296,8,null,351.0181884765625,0,1377337029999
52.22132034074767,6.895150946498542,94.05220874963227,12,null,133.2452392578125,0.7381637096405029,1377337030999
52.221324434546226,6.895153312541206,93.94372525537541,8,null,16.11546516418457,0.7708927392959595,1377337031999
52.22132247512203,6.895151167119887,93.9316769750371,8,null,16.11546516418457,0,1377337032999
52.22132085892942,6.895150206180466,93.92423922327873,12,null,16.11546516418457,0,1377337033999
52.22132016899915,6.895150456766491,93.92375654418326,12,null,16.11546516418457,0,1377337034999
52.22132024287606,6.895150902082479,93.92872319786564,12,null,16.11546516418457,0,1377337035999
52.22132158437363,6.895157282812415,94.0126708160905,12,null,76.7458267211914,0.3323110342025757,1377337036999
52.221322855493256,6.895158536169596,94.02002384384122,6,null,76.7458267211914,0,1377337037999
52.2223821,6.8940497,null,1053,null,null,null,1377337037004
52.22132275364662,6.895156317233861,94.02959016379042,6,null,76.7458267211914,0,1377337038999
52.221322836430076,6.895155653962808,94.03792332393273,8,null,76.7458267211914,0,1377337039999
52.221321790073404,6.895156578630094,94.04677014388476,8,null,76.7458267211914,0,1377337040999
52.2213131514335,6.895154974813735,94.13847335789782,8,null,187.15707397460938,0.731972336769104,1377337041999
52.221308317343684,6.895149649825682,94.15480185381892,8,null,217.2561798095703,0.5709447860717773,1377337042999
52.221306407461576,6.89514637153204,94.19851892097628,8,null,252.8951873779297,0.31833741068840027,1377337043999
52.221309894273624,6.8951384023767055,94.2386398224944,6,null,311.83770751953125,0.8485910296440125,1377337044999
52.22130814649045,6.895081439361518,94.35959956215864,6,null,292.4421081542969,0.7969840168952942,1377337052999
52.22130758416441,6.8950691425083805,94.39351121168782,6,null,257.38079833984375,0.7584198117256165,1377337053999
52.22130981442107,6.895052633067442,94.41652483288237,6,null,274.0124206542969,0.8829549551010132,1377337054999
52.221320083003114,6.89496152856992,93.9706563222089,8,null,266.0173034667969,0.7330326437950134,1377337060999
52.221323351107095,6.894935650886886,93.80631089946125,6,null,268.79730224609375,0.735571026802063,1377337061999
52.221330297537015,6.894916874114472,93.67459162367751,6,null,288.5378112792969,0.7589139938354492,1377337062999
52.22133630861811,6.894902427990757,93.57082433261816,6,null,286.41497802734375,0.7510846853256226,1377337063999
52.22134251757432,6.894891352561493,93.48805721729636,6,null,289.20758056640625,0.7521789073944092,1377337064999
52.22134593403426,6.8948790366138875,93.42724475488528,8,null,269.6134033203125,0.7583420872688293,1377337065999
52.22135013772865,6.894862605632889,93.33759209323323,8,null,273.81707763671875,0.7743841409683228,1377337066999
52.22135482498171,6.894838036289983,93.3026980765601,6,null,272.7328796386719,0.8096561431884766,1377337067999
52.22135852598347,6.8948163263285505,93.25863339305639,6,null,266.46197509765625,0.8252758383750916,1377337068999
52.221362730668176,6.894797288856675,93.2347857190967,6,null,268.5287170410156,0.8412742614746094,1377337069999
52.22136567087084,6.894780777706178,93.19695784887467,6,null,264.6383361816406,0.8468466401100159,1377337070999
52.22136817857763,6.894760161093164,93.13749233628957,6,null,260.9037780761719,0.8645843267440796,1377337071999
52.2213710441802,6.894742546927861,93.04039703123398,6,null,268.20587158203125,0.8973047137260437,1377337072999
52.221371611864846,6.894726920299565,92.97983246484918,6,null,261.8467712402344,0.9069362282752991,1377337073999
52.22136689224127,6.894711016047839,92.96817920264495,8,null,228.3229522705078,0.9205731749534607,1377337074999
52.22136569091601,6.894694109798282,92.96432794290531,8,null,246.19154357910156,0,1377337075999
52.221365743433175,6.894679374369744,92.93366970555283,8,null,227.94140625,0,1377337076999
52.221370147217705,6.894661582173083,92.89024115038474,8,null,275.9302978515625,0.9277923107147217,1377337077999
52.22137634112934,6.894632900186665,92.79521770921448,8,null,289.4586181640625,0.9535416960716248,1377337078999
52.2202497,6.8957311,null,1050,null,null,null,1377337078700
52.22137787018699,6.894615822022843,92.6883904370592,8,null,271.4494323730469,0.9438198804855347,1377337079999
52.221377629691595,6.894598625368282,92.62058816737027,8,null,258.5209655761719,0.9533591866493225,1377337080999
52.2213762524505,6.8945823890950475,92.56868937000303,6,null,258.5269775390625,0.9608264565467834,1377337081999
52.22137680710431,6.894566585674314,92.48271821444942,6,null,266.59405517578125,0.9489097595214844,1377337082999
52.22137494603662,6.894542168502656,92.34489068792635,6,null,259.3335266113281,0.9579160213470459,1377337083999
52.22137363968327,6.8945174629990795,92.18423069487311,6,null,258.8743896484375,0.9870944023132324,1377337084999
52.22136422502126,6.894466510711433,91.88274708591757,6,null,256.4495544433594,1.0428472757339478,1377337086999
52.22136010593174,6.894439239575809,91.75132786315383,6,null,256.7632751464844,1.0711792707443237,1377337087999
52.221355345943394,6.894416554254769,91.60050865383604,6,null,252.71484375,1.065397024154663,1377337088999
52.221348391269736,6.89439324610386,91.50497055097527,8,null,241.31646728515625,1.0766093730926514,1377337089999
52.22133981090588,6.8943730701400385,91.38705998906671,6,null,231.83120727539062,1.0820857286453247,1377337090999
52.22132939180982,6.894348635898667,91.35934727458235,8,null,229.6905975341797,1.102989912033081,1377337091999
52.2213190359376,6.894333530474433,91.37601766497765,6,null,217.17185974121094,1.0970799922943115,1377337092999
52.22129669913378,6.894304430154088,91.50342233545932,6,null,219.658203125,1.1118167638778687,1377337093999
52.22128229969706,6.894283879141113,91.63908190557535,6,null,223.85540771484375,1.142509937286377,1377337094999
52.2212685962443,6.894265206415125,91.77635352573178,8,null,224.0323486328125,1.1558852195739746,1377337095999
52.221264442577244,6.894245359389647,91.96701014572314,8,null,261.7378234863281,1.2278697490692139,1377337096999
52.2212567640253,6.89422179165325,92.09139150731394,6,null,255.11868286132812,1.228393316268921,1377337097999
52.22125735861084,6.894189325404978,92.20725652364281,6,null,284.83966064453125,1.3314436674118042,1377337098999
52.219453,6.8961427,null,996,null,null,null,1377337097895
52.221254199862564,6.894174728014301,92.28582416870476,8,null,276.0507507324219,1.2864909172058105,1377337099999
52.22125113339143,6.8941681957227905,92.29198276584376,6,null,297.0970153808594,1.2146995067596436,1377337100999
52.22124637349618,6.894173565491862,92.28959414928612,6,null,297.0970153808594,0,1377337101999
52.221244754178784,6.894180749119649,92.28458317630354,6,null,297.0970153808594,0,1377337102999
52.22124365148589,6.89418680972444,92.27694747640876,6,null,297.0970153808594,0,1377337103999
52.22124359468117,6.894193704250199,92.26673941286086,6,null,297.0970153808594,0,1377337104999
52.22124315356475,6.89419806655227,92.2596871326526,6,null,297.0970153808594,0,1377337105999
52.22124162418059,6.894201070245756,92.2547651940642,6,null,297.0970153808594,0,1377337106999
52.22123994274589,6.894202108840779,92.24683191766951,6,null,297.0970153808594,0,1377337107999
52.221238093858524,6.894201230185229,92.23890325375123,4,null,297.0970153808594,0,1377337108999
52.22123328659819,6.894198648754909,92.07406948030865,8,null,193.36550903320312,0.42602428793907166,1377337109999
52.22122745218199,6.894193112264003,91.90239614371141,8,null,212.2020721435547,0.6686187982559204,1377337110999
52.221221411890646,6.894185220285198,91.71478907411755,8,null,221.34344482421875,0.7937959432601929,1377337111999
52.221208786684805,6.894177390430865,91.52520071691796,8,null,199.5700225830078,0.9879944920539856,1377337112999
52.221193996447,6.894172023876646,91.29430076368601,12,null,190.30072021484375,1.2454640865325928,1377337113999
52.22118081154422,6.894150356523208,91.02233351191448,12,null,228.86094665527344,1.3941706418991089,1377337114999
52.221173154210796,6.89413403162144,90.73995823326024,12,null,235.7480010986328,1.3968923091888428,1377337115999
52.22116186630346,6.8941181957804165,90.42110379119927,12,null,223.93556213378906,1.3943347930908203,1377337116999
52.22115080019446,6.8940960432588945,90.08478735726484,16,null,237.76573181152344,1.3979547023773193,1377337117999
52.2178598,6.8969659,null,996,null,null,null,1377337117432
52.22113845137765,6.894080921373559,89.73055517968368,12,null,217.2872314453125,1.3770160675048828,1377337118999
52.22112943890636,6.894068511401095,89.37480415909428,12,null,222.16331481933594,1.3301658630371094,1377337119999
52.22112119023983,6.894051946956892,89.06161393119619,12,null,224.8914794921875,1.2947516441345215,1377337120999
52.221114726158625,6.8940345300528305,88.76934176147644,8,null,227.90267944335938,1.2584402561187744,1377337121999
52.22110453110189,6.8940116382700465,88.49217017179788,8,null,225.51014709472656,1.238266110420227,1377337122999
52.22109832632622,6.893990194538072,88.18731934437123,8,null,239.28427124023438,1.2084763050079346,1377337123999
52.2210945040072,6.893969726005532,87.88662968238387,8,null,249.58619689941406,1.1831806898117065,1377337124999
52.22108507552739,6.893947807357282,87.6293121751048,8,null,242.32130432128906,1.146221399307251,1377337125999
52.22107393921171,6.893932879530345,87.40414996475849,8,null,217.38626098632812,1.1168667078018188,1377337126999
52.22106014895788,6.893929453319634,87.1766501624045,8,null,193.32144165039062,1.096564531326294,1377337127999
52.22104163544499,6.893923943539583,86.96352532502664,6,null,220.10353088378906,1.089550495147705,1377337128999
52.221028276757316,6.893946054735973,86.8630437158962,6,null,269.57916259765625,1.083308458328247,1377337129999
52.22101433930612,6.893950305869898,86.70954356943312,6,null,265.65478515625,1.0953928232192993,1377337130999
52.221006390999804,6.893935382749263,86.63848233431584,8,null,266.5989990234375,1.1296091079711914,1377337131999
52.22100049171875,6.893919644964283,86.62725277983685,6,null,266.7203674316406,1.1607919931411743,1377337132999
52.22099622947959,6.8938995908003315,86.62730003700617,6,null,269.6631164550781,1.1870999336242676,1377337133999
52.22099422480593,6.8938884646328455,86.62700733154864,6,null,271.8465576171875,1.211372971534729,1377337134999
52.22099269415439,6.893868047934309,86.61843574681663,6,null,270.6858825683594,1.224579095840454,1377337135999
52.2209913404865,6.893846053150823,86.61655668795768,4,null,271.2325134277344,1.2368059158325195,1377337136999
52.22099091947583,6.8938207532777795,86.65620836329916,4,null,270.75341796875,1.2438795566558838,1377337137999
52.2178598,6.8969659,null,996,null,null,null,1377337137458
52.22098877370223,6.893798927330242,86.7321433097712,6,null,264.8671875,1.2766807079315186,1377337138999
52.22098844539364,6.893775927702628,86.83947397164302,6,null,270.7174987792969,1.2876924276351929,1377337139999
52.220987567923565,6.893749496387755,86.90434925786666,6,null,270.9809875488281,1.2872596979141235,1377337140999
52.220984800825796,6.893736620333482,86.93946818268823,6,null,256.938232421875,1.2556474208831787,1377337141999
52.22098069532538,6.893727572207847,86.96208190775404,6,null,237.83236694335938,1.2123061418533325,1377337142999
52.220980801862396,6.893715510384336,87.00586889103168,6,null,274.7066345214844,1.1613609790802002,1377337143999
52.220979358055175,6.893690975851305,87.0741594393224,6,null,265.6888732910156,1.171059012413025,1377337144999
52.22097963510805,6.893689856615695,87.12974147897356,6,null,264.44061279296875,1.1820529699325562,1377337145999
52.22098208271285,6.893681713755323,87.22146736996326,6,null,268.7759094238281,1.138308048248291,1377337146999
52.220984865332944,6.893687399497384,87.32063475145746,6,null,253.79132080078125,1.124962568283081,1377337147999
52.22098652189018,6.893678867708621,87.3450149964527,6,null,263.9119873046875,1.1418277025222778,1377337148999
52.22098694480789,6.8936572664896545,87.41630233580068,6,null,268.19873046875,1.159519910812378,1377337149999
52.22098730759669,6.893631397588828,87.4582182344578,6,null,268.39190673828125,1.162901759147644,1377337150999
52.220988113282104,6.893607695401731,87.53149817076637,6,null,268.1817932128906,1.1786869764328003,1377337151999
52.22098744703517,6.893588464362939,87.6168096774953,12,null,259.0070495605469,1.185913324356079,1377337152999
52.22098786177331,6.893567373113136,87.73429901388126,12,null,263.50518798828125,1.2115415334701538,1377337153999
52.22098915784017,6.893547354936473,87.89096127986797,12,null,268.59014892578125,1.2200970649719238,1377337154999
52.22099437696956,6.893543949230757,88.00995514567377,6,null,286.82940673828125,1.1789066791534424,1377337155999
52.2210030601414,6.893546378849643,88.09278817847581,6,null,318.1758117675781,1.1445766687393188,1377337156999
52.22100772882628,6.8935412848754245,88.12960062362228,8,null,298.1710510253906,1.1406627893447876,1377337157999
52.22101259389993,6.893528842148561,88.12631100110654,6,null,293.3250427246094,1.12813138961792,1377337158999
52.221013888912246,6.893515248210461,88.07103011458561,6,null,278.0805969238281,1.1312261819839478,1377337159999
52.2191677,6.8928477,null,985,null,null,null,1377337158913
52.22101396214758,6.893508614066215,88.0490001758102,12,null,290.5621337890625,1.1419118642807007,1377337160999
52.221014667229255,6.893493987033113,88.00655078087742,8,null,282.24609375,1.166150689125061,1377337161999
52.221015587227214,6.893476784527949,87.94621971895455,8,null,278.1707458496094,1.1751190423965454,1377337162999
52.221018143517306,6.893455860013703,87.82368781149754,8,null,282.3163146972656,1.2139734029769897,1377337163999
52.22102442055575,6.893436836800451,87.71837825652356,12,null,297.39697265625,1.2219184637069702,1377337164999
52.22103133553512,6.893417394154364,87.63961834975375,12,null,296.1218566894531,1.2429924011230469,1377337165999
52.2210394901563,6.893400487368439,87.56197232906756,12,null,303.7855529785156,1.2355360984802246,1377337166999
52.22104781469001,6.8933836459534374,87.45550111302488,12,null,302.4417724609375,1.2411459684371948,1377337167999
52.221056103274755,6.893366963059218,87.36394374939246,12,null,301.32879638671875,1.2496839761734009,1377337168999
52.221063837618686,6.893359807317941,87.31126386353411,8,null,310.27783203125,1.250075340270996,1377337169999
52.22107353740218,6.893346200064606,87.27683619921514,8,null,309.43585205078125,1.2453436851501465,1377337170999
52.22108347358717,6.8933323379663145,87.20851055208239,16,null,309.5747985839844,1.2421554327011108,1377337171999
52.22109226870835,6.893319891968912,87.07427522810876,6,null,309.153564453125,1.243277907371521,1377337172999
52.221100929424104,6.893306740818807,86.9439773436669,12,null,306.7638854980469,1.2415775060653687,1377337173999
52.221110435692815,6.893293513749205,86.82941346863326,12,null,309.34906005859375,1.2372373342514038,1377337174999
52.221118268743055,6.893281904652355,86.70459374644055,12,null,305.9180908203125,1.2403571605682373,1377337175999
52.22112816765116,6.893263411495183,86.57840493578712,6,null,300.4107971191406,1.2390612363815308,1377337176999
52.221135289563435,6.893254823398897,86.45337993165624,12,null,309.7612609863281,1.2209919691085815,1377337177999
52.2204757,6.8887296,null,985,null,null,null,1377337177581
52.22114468849996,6.893240966298028,86.37090294515322,8,null,332.36138916015625,1.171005368232727,1377337178999
52.221145565819576,6.893235761022103,86.3641121513343,8,null,332.36138916015625,0,1377337179999
52.221143746417745,6.8932255809774015,86.27672199868582,8,null,258.1657409667969,0.28185585141181946,1377337180999
52.221129521673,6.893198740353096,86.10835716549481,4,null,230.8831787109375,0.5552151203155518,1377337182999
52.22112343618982,6.893182459136047,86.01463365524395,4,null,251.83985900878906,0.7640238404273987,1377337183999
52.2211211549944,6.893170428688833,85.95759330309698,4,null,274.3293762207031,0.7600006461143494,1377337184999
52.22111906500637,6.893158854668173,85.94475657991471,4,null,285.411865234375,0.7001121640205383,1377337185999
52.221117943613535,6.893149693409937,85.97172798182115,16,null,300.08929443359375,0.6475725769996643,1377337186999
52.2211202524447,6.893141140911556,86.02224370808273,16,null,318.29315185546875,0.6636528372764587,1377337187999
52.22112466038214,6.893134209705291,86.07682606660227,8,null,335.11907958984375,0.712001621723175,1377337188999
52.22112948018919,6.893129644381346,86.13645596006504,8,null,347.1141357421875,0.7190609574317932,1377337189999
52.221135649675105,6.893121289723012,86.18463149188236,12,null,331.018798828125,0.7415897846221924,1377337190999
52.22114292320053,6.893117130301138,86.19534445904743,12,null,350.0528564453125,0.7433820366859436,1377337191999
52.22117297819248,6.893096503096369,86.47798407688015,6,null,343.2258605957031,0.7796030640602112,1377337195999
52.22117898767113,6.893084503734071,86.61396050676565,6,null,348.0051574707031,0.7894936203956604,1377337196999
52.2211841603787,6.893074311563584,86.80371775920084,6,null,4.759385585784912,0.7661490440368652,1377337197999
52.2204757,6.8887296,null,985,null,null,null,1377337197619
52.22119377250889,6.893059589093446,87.00587023938971,6,null,345.635498046875,0.7969692945480347,1377337198999
52.221199085608504,6.893046285822745,87.23736834925741,8,null,338.4549560546875,0.7943939566612244,1377337199999
52.221205595124246,6.8930371755716475,87.49393414255866,8,null,352.7178039550781,0.8239592909812927,1377337200999
52.22121774095716,6.893026551060448,87.73167051188096,8,null,352.1126403808594,0.8495653867721558,1377337201999
52.22122962785506,6.893016255823868,87.9844386534449,6,null,348.3355712890625,0.8942841291427612,1377337202999
52.22124207346368,6.893004338425614,88.2172025284198,6,null,345.076416015625,0.9110506176948547,1377337203999
52.22124735955743,6.892994371596264,88.4102008305548,6,null,343.0934753417969,0.9016612768173218,1377337204999
52.22125363337811,6.892979959971181,88.6292994290749,6,null,322.3990478515625,0.9007759094238281,1377337205999
52.22126007392988,6.892968401306161,88.80248727588913,8,null,338.20574951171875,0.8889079689979553,1377337206999
52.22126504300782,6.892959496122714,88.99632365223579,8,null,10.050878524780273,0.35054880380630493,1377337207999
52.22126762135941,6.892950555373121,89.01599181173044,12,null,10.050878524780273,0,1377337208999
52.22126933910045,6.892943165286687,89.03444478109469,6,null,10.050878524780273,0,1377337209999
52.221275845784916,6.892940153504082,89.1606098405407,6,null,26.14720344543457,0.3968786299228668,1377337210999
52.22127946905329,6.892935042844348,89.17551149932157,6,null,26.14720344543457,0,1377337211999
52.22128944732068,6.892932080275388,89.33003834345176,6,null,6.836345195770264,0.7081108093261719,1377337212999
52.2212984778943,6.892931335896805,89.38250699261799,12,null,8.687406539916992,0.7041292786598206,1377337213999
52.22130708388483,6.892934046280144,89.4025673785787,8,null,26.590177536010742,0.6807751655578613,1377337214999
52.22131641279033,6.892937738218139,89.39860235273868,8,null,25.718576431274414,0.7236485481262207,1377337215999
52.22132538121827,6.892941305854531,89.3820038885183,8,null,18.107271194458008,0.637243390083313,1377337216999
52.22133570618717,6.892945255849219,89.34008745257509,8,null,13.557328224182129,0.6557852029800415,1377337217999
52.2204757,6.8887296,null,985,null,null,null,1377337217648
52.22134771983572,6.892944469271468,89.28926591927795,6,null,351.9219055175781,0.7330374717712402,1377337218999
52.221370306078775,6.892943263254242,89.213048845456,6,null,357.5074462890625,0.8030372858047485,1377337219999
52.22138259656816,6.892940692627181,89.16951088788127,24,null,348.04620361328125,0.8029971718788147,1377337220999
52.22140209269428,6.8929359676811455,89.11781017676661,8,null,345.6989440917969,0.8420272469520569,1377337221999
52.221415873458035,6.89293312246701,89.05373880696351,12,null,347.1427917480469,0.8525352478027344,1377337222999
52.221430745238614,6.892934252289594,88.99758010577354,8,null,10.35692310333252,0.866851270198822,1377337223999
52.221459343344804,6.892930047296129,89.0149804097759,8,null,355.5225524902344,0.8857702016830444,1377337224999
52.22147503776222,6.892931125161912,89.0529700282183,6,null,15.189691543579102,0.8433012962341309,1377337225999
52.22148969059661,6.89293472340294,89.13045316301755,6,null,14.449517250061035,0.8379454612731934,1377337226999
52.22150114839427,6.892938403797427,89.23917005612199,8,null,9.478751182556152,0.825161874294281,1377337227999
52.221544659248764,6.892959498278512,89.50160212910345,6,null,8.046699523925781,0.8990519046783447,1377337230999
52.22156250648487,6.892965889426513,89.56739705633018,6,null,6.605015754699707,0.9257763028144836,1377337231999
52.22158349670812,6.892973248833799,89.64360445303194,6,null,8.023743629455566,0.9440783262252808,1377337232999
52.22160146189689,6.8929782571090055,89.70773431618544,6,null,4.033463001251221,0.9596124291419983,1377337233999
52.22161312005716,6.892979331763907,89.80103900505777,6,null,356.60894775390625,0.971031665802002,1377337234999
52.2216249374191,6.892977862966649,89.92474081600412,6,null,354.3686828613281,0.9895503520965576,1377337235999
52.22163415091229,6.892978567350671,90.1110745270727,6,null,3.6473796367645264,0.9843621253967285,1377337236999
52.22164284448592,6.89298106876874,90.27939597200381,6,null,11.548371315002441,1.0013319253921509,1377337237999
52.2204757,6.8887296,null,985,null,null,null,1377337237688
52.22165038001764,6.892982543430251,90.48565233833804,6,null,5.33568811416626,1.012292742729187,1377337238999
52.221655848307755,6.8929827390443545,90.69765204638432,6,null,9.611075401306152,1.0141836404800415,1377337239999
52.22166446650202,6.8929818652405705,90.89421307476792,6,null,11.700475692749023,1.008446455001831,1377337240999
52.221675910790225,6.892979647539823,91.05871129426721,6,null,3.3457703590393066,1.0307881832122803,1377337241999
52.22168878869533,6.892976250850373,91.2053699012502,4,null,359.4949035644531,1.0743228197097778,1377337242999
52.221700314181064,6.892970817176284,91.33433816751106,8,null,358.02630615234375,1.0996934175491333,1377337243999
52.221713382196796,6.892966669761982,91.4872878128556,4,null,4.380584239959717,1.092084527015686,1377337244999
52.22172649496343,6.892962831463649,91.66424570392401,6,null,357.3904724121094,1.1086207628250122,1377337245999
52.22173564544589,6.892959824410206,91.81329928383194,6,null,353.5729064941406,1.1020342111587524,1377337246999
52.22174530212037,6.892959991648889,91.97171373403853,6,null,2.3102505207061768,1.1134626865386963,1377337247999
52.22175841948861,6.892962029308137,92.14014354943366,6,null,5.4271955490112305,1.1085907220840454,1377337248999
52.221773209655424,6.892962530935474,92.32040214218678,6,null,357.2658996582031,1.1179052591323853,1377337249999
52.22178364563032,6.892963092561089,92.52083692748708,6,null,1.3261539936065674,1.1144747734069824,1377337250999
52.22179785254457,6.892962232777781,92.72731283728126,6,null,355.513671875,1.1056488752365112,1377337251999
52.22180879679066,6.892960352282052,92.94275350648657,6,null,357.1120300292969,1.1046966314315796,1377337252999
52.221818297027845,6.892958939951779,93.13935924963897,6,null,0.41931867599487305,1.095747709274292,1377337253999
52.22182836085533,6.89295789742003,93.29610559872148,6,null,4.081875324249268,1.1026114225387573,1377337254999
52.2218403885429,6.892957200774763,93.43911232320085,6,null,5.973987102508545,1.0963304042816162,1377337255999
52.2218507748597,6.892955625897708,93.5535775641741,8,null,4.592684268951416,1.0853049755096436,1377337256999
52.221855975769245,6.892954648708428,93.6288323769559,8,null,5.741725444793701,1.0838710069656372,1377337257999
52.2204757,6.8887296,null,985,null,null,null,1377337257906
52.22186607676655,6.892952271277669,93.70560449056933,6,null,1.0552129745483398,1.1035345792770386,1377337258999
52.22187619055716,6.892949989054565,93.79057468831509,6,null,359.6923828125,1.1316120624542236,1377337259999
52.22188684046259,6.8929499375809185,93.80262299057598,6,null,3.0657622814178467,1.1472855806350708,1377337260999
52.221896843343856,6.892950111481598,93.83109349718417,6,null,2.2071030139923096,1.155690312385559,1377337261999
52.22190738401012,6.892948794210651,93.85093732899651,6,null,0.13910602033138275,1.15784752368927,1377337262999
52.221920915037806,6.892945992045057,93.86908159277284,6,null,354.44061279296875,1.1570082902908325,1377337263999
52.221938923524846,6.892940273618677,93.82501929762626,6,null,358.6147155761719,1.1776107549667358,1377337264999
52.2219555156335,6.8929364516585245,93.82308825425811,6,null,1.0662657022476196,1.180761694908142,1377337265999
52.221971751724816,6.8929334218986265,93.82807697663429,6,null,2.506098985671997,1.1852526664733887,1377337266999
52.22198643391551,6.892924608895473,93.81208130549506,6,null,348.4499206542969,1.1772571802139282,1377337267999
52.22199772731264,6.892915090444506,93.73293470623764,6,null,339.4571533203125,1.1891469955444336,1377337268999
52.22200669922352,6.8929067856300215,93.72580147506241,6,null,338.34637451171875,1.1883702278137207,1377337269999
52.2220173476901,6.892903403841515,93.6957566111896,6,null,353.7587585449219,1.1872330904006958,1377337270999
52.22202652986377,6.892899684078345,93.68073852874964,6,null,351.1033630371094,1.1874542236328125,1377337271999
52.22203850391008,6.892897080677036,93.68902356114278,6,null,354.8821105957031,1.1831241846084595,1377337272999
52.22205288499633,6.892890025158028,93.70519045207848,6,null,340.020263671875,1.2030097246170044,1377337273999
52.22206622941557,6.8928869464444595,93.70382982859287,6,null,354.9183044433594,1.1775237321853638,1377337274999
52.22208001735519,6.8928825641967375,93.69227755897079,8,null,347.9960021972656,1.1462106704711914,1377337275999
52.222091747810644,6.892879046831099,93.68208424742195,6,null,343.5309143066406,1.1186529397964478,1377337276999
52.222100894951566,6.892874521771828,93.67570015261882,8,null,337.57525634765625,1.1016265153884888,1377337277999
52.22211101660099,6.892872805082504,93.7023893894066,8,null,342.1108093261719,1.0868054628372192,1377337278999
52.2204757,6.8887296,null,985,null,null,null,1377337277929
52.222120946661626,6.892871116939916,93.76762865148254,6,null,338.7951965332031,1.0628379583358765,1377337279999
52.2221301784583,6.8928682485821655,93.8055777582063,8,null,333.74212646484375,1.0530645847320557,1377337280999
52.22214181245243,6.892864544690159,93.82815649884076,6,null,340.81292724609375,1.0630278587341309,1377337281999
52.22215671644913,6.8928641091189045,93.85963670322725,6,null,356.2995300292969,1.0778523683547974,1377337282999
52.22216586900141,6.8928640282902345,93.92441517028153,6,null,353.0278625488281,1.0841072797775269,1377337283999
52.22217547251402,6.892862700506179,94.0285566260892,6,null,345.3885498046875,1.068921446800232,1377337284999
52.222185577752974,6.892859728651672,94.16061113710765,6,null,342.35693359375,1.0533987283706665,1377337285999
52.22219517810832,6.892858751330043,94.31297705748382,6,null,345.81976318359375,1.0291966199874878,1377337286999
52.22220265472687,6.89286057577797,94.47002322492331,6,null,352.9676208496094,1.0185649394989014,1377337287999
52.222208267534306,6.892863168986926,94.5972743948404,6,null,3.707195281982422,0.9958434104919434,1377337288999
52.2222149041218,6.892864012795282,94.7020531752186,8,null,359.03936767578125,0.9742547869682312,1377337289999
52.2222218245312,6.892862758010664,94.77841308279541,6,null,345.9981689453125,0.9466578960418701,1377337290999
52.22223465215706,6.892860004943676,94.86488164584885,6,null,348.6625061035156,0.9600760340690613,1377337291999
52.222244490950274,6.892857303441757,94.93855043295628,6,null,339.1034240722656,0.9389485120773315,1377337292999
52.222256949632225,6.892853430123505,94.99509904355105,6,null,345.796142578125,0.9388952851295471,1377337293999
52.22226846563746,6.892846915975173,95.0082818594582,6,null,339.645751953125,0.934058666229248,1377337294999
52.222281020126005,6.89283951430128,94.98742323237235,6,null,336.5271301269531,0.9393439292907715,1377337295999
52.222300348670935,6.892827347081019,94.93006517958787,6,null,336.1817932128906,0.9503095746040344,1377337296999
52.2223175195992,6.89282228192332,94.83426146322603,6,null,353.7987976074219,0.9814609289169312,1377337297999
52.22233115619206,6.892820644760393,94.7241068955041,12,null,3.86330246925354,1.0007250308990479,1377337298999
52.2204757,6.8887296,null,985,null,null,null,1377337297942
52.22234223461715,6.89281862037189,94.60965264418779,8,null,359.9751281738281,1.0097901821136475,1377337299999
52.22234914086029,6.892803408861227,94.49887900868757,6,null,300.2757873535156,1.0313241481781006,1377337300999
52.22236035055346,6.892796133956976,94.37332926514547,6,null,323.4410400390625,1.0328845977783203,1377337301999
52.22237317543241,6.892791232187309,94.24331530223056,6,null,327.53350830078125,1.0558326244354248,1377337302999
52.22238829083603,6.8927886968884335,94.12403270520886,6,null,326.6956481933594,1.0644943714141846,1377337303999
52.22240328039439,6.892780958892715,94.0553059345422,6,null,319.05206298828125,1.0704905986785889,1377337304999
52.222413708282865,6.892774748124437,94.00876866197952,6,null,303.08367919921875,1.0768176317214966,1377337305999
52.22244431758931,6.89273774558501,93.82896251446009,6,null,291.2294616699219,1.082240343093872,1377337308999
52.2224496509043,6.892725424846862,93.72716258846812,6,null,279.86566162109375,1.0811216831207275,1377337309999
52.22246541011492,6.892661447109546,93.50413199210188,4,null,284.79217529296875,1.090615153312683,1377337312999
52.22246687077262,6.892650979926816,93.44299205984858,4,null,276.4257507324219,1.1060718297958374,1377337313999
52.22246575520107,6.892634842109643,93.39377391756761,4,null,265.4241027832031,1.1235370635986328,1377337314999
52.22246130158471,6.892624078085199,93.35379110037213,6,null,252.77468872070312,1.1316090822219849,1377337315999
52.22245635863974,6.892602692206202,93.30501763541659,4,null,255.55955505371094,1.1429904699325562,1377337316999
52.222451857056775,6.892585788730505,93.28534884775436,4,null,257.2436828613281,1.1560773849487305,1377337317999
52.22244733901184,6.892566350055233,93.24471450798647,8,null,260.0749206542969,1.1579588651657104,1377337318999
52.221189,6.8915782,null,948,null,null,null,1377337317996
52.222443444254296,6.892550763900514,93.23658260027294,6,null,260.4808044433594,1.1505229473114014,1377337319999
52.222439447430936,6.89252950618856,93.22201882161644,6,null,258.70782470703125,1.1568679809570312,1377337320999
52.22243722616201,6.892512723468457,93.1650554400474,6,null,267.4342041015625,1.1228209733963013,1377337321999
52.222433476384126,6.892493347445367,93.11921307980705,6,null,266.02154541015625,1.1102339029312134,1377337322999
52.22242790261677,6.8924661949969295,93.02009804744797,6,null,256.1585388183594,1.1225470304489136,1377337323999
52.22241906928858,6.892408799350074,92.70858365131308,6,null,266.26898193359375,1.1725445985794067,1377337326999
52.22241833516693,6.892394979326834,92.57464089994832,6,null,261.91046142578125,1.1816980838775635,1377337327999
52.22241623468065,6.8923793276870695,92.4239713137569,6,null,257.260986328125,1.166154146194458,1377337328999
52.222414028277086,6.892365388020142,92.29258566731727,6,null,258.6150817871094,1.1473884582519531,1377337329999
52.22241057957766,6.892350883610386,92.19967661398331,6,null,257.237060546875,1.1265195608139038,1377337330999
52.22240782131233,6.892332914836754,92.14658713928162,6,null,255.81484985351562,1.1137446165084839,1377337331999
52.2224034529434,6.892306653218648,92.10458063844122,6,null,257.1391296386719,1.1134692430496216,1377337332999
52.22239993596007,6.892285726209894,92.0920847707271,6,null,257.7242126464844,1.1104133129119873,1377337333999
52.22239692091689,6.892271632432805,92.08541982730553,6,null,257.25579833984375,1.1266977787017822,1377337334999
52.22239366403394,6.892259409069144,92.01493276171182,8,null,257.263427734375,1.1486811637878418,1377337335999
52.222389510793654,6.89223567591799,91.91314654364233,6,null,256.1029968261719,1.1528834104537964,1377337336999
52.222384940350736,6.892212122606688,91.81075965162566,6,null,255.68569946289062,1.160526990890503,1377337337999
52.222382660595386,6.89219319832083,91.74131413749946,6,null,260.6248779296875,1.1644805669784546,1377337338999
52.221189,6.8915782,null,948,null,null,null,1377337338010
52.222379304612964,6.892168650363278,91.6180444371837,6,null,259.3400573730469,1.1814805269241333,1377337339999
52.222376451764454,6.892151027427696,91.49073372596162,4,null,259.10760498046875,1.2038044929504395,1377337340999
52.22237293453733,6.892133863963762,91.31936638898675,4,null,252.57415771484375,1.2207585573196411,1377337341999
52.22236781843623,6.892119059065622,91.1736166325014,6,null,248.4215087890625,1.2415457963943481,1377337342999
52.222361347552095,6.892101141894859,91.05759379789666,6,null,246.5090789794922,1.2560651302337646,1377337343999
52.222358787738244,6.892091226518299,90.95573719693141,6,null,253.50607299804688,1.2678886651992798,1377337344999
52.22235853123777,6.892076080842247,90.81748248552374,6,null,267.1520080566406,1.257809042930603,1377337345999
52.22236887174402,6.8920098931303855,90.32388787594094,6,null,281.2724609375,1.2330825328826904,1377337349999
52.22237586985403,6.8919924659632095,90.19710081177587,8,null,290.29266357421875,1.2432788610458374,1377337350999
52.22238190041706,6.891975469917187,90.06347939691682,8,null,284.2232666015625,1.2628566026687622,1377337351999
52.22238763472521,6.891959537441958,89.8989203056976,8,null,285.2791748046875,1.2614555358886719,1377337352999
52.22239096956621,6.8919455663093805,89.73712448122873,8,null,273.014404296875,1.2721550464630127,1377337353999
52.22239364676094,6.891933158477296,89.532297594634,6,null,271.7580871582031,1.275400161743164,1377337354999
52.22239543056307,6.891922333307517,89.34509881678025,12,null,264.607666015625,1.2691230773925781,1377337355999
52.2223966264246,6.891907482361897,89.21547780445238,6,null,262.15472412109375,1.2753190994262695,1377337356999
52.222397162317506,6.89188945544591,89.10349960407198,6,null,262.665771484375,1.2832658290863037,1377337357999
52.22239813527853,6.891875233034258,88.98743315835902,6,null,263.615234375,1.2912863492965698,1377337358999
52.2219024,6.8944269,null,948,null,null,null,1377337358028
52.22239758656186,6.8918584770605555,88.8510332767719,8,null,267.462158203125,1.2851444482803345,1377337359999
52.22239501395363,6.8918402185782055,88.76933488305345,6,null,264.4034118652344,1.2829434871673584,1377337360999
52.222391255695754,6.891817905334168,88.6416405017911,6,null,263.0309753417969,1.288826584815979,1377337361999
52.22238756499725,6.89179171198837,88.51777416319108,6,null,264.48699951171875,1.298416256904602,1377337362999
52.22238370531913,6.8917666763335435,88.46377820855959,6,null,260.0426025390625,1.3072417974472046,1377337363999
52.222382144381534,6.891741324010687,88.3669637735552,6,null,267.4195556640625,1.305711030960083,1377337364999
52.22237976991819,6.891716760937117,88.24856462779057,6,null,261.9004211425781,1.3215314149856567,1377337365999
52.22237849555915,6.891695378153867,88.12720638086577,6,null,264.3234558105469,1.3369816541671753,1377337366999
52.222376683014495,6.891675957272588,88.04370268639559,6,null,262.5721435546875,1.3411450386047363,1377337367999
52.22237538056339,6.891656219220395,87.93659521116541,6,null,263.08233642578125,1.3401421308517456,1377337368999
52.22237273667916,6.891633157900626,87.83646812272278,6,null,256.9068603515625,1.3559788465499878,1377337369999
52.222369143746526,6.891598808983491,87.73019439144062,6,null,258.8395690917969,1.3461359739303589,1377337370999
52.222368753969874,6.8915774674934696,87.67114501631384,6,null,269.4861755371094,1.3451170921325684,1377337371999
52.22236711851916,6.891560399157999,87.58012162659719,12,null,264.93194580078125,1.3666495084762573,1377337372999
52.222365788372834,6.891547306621786,87.48632083212672,6,null,261.81829833984375,1.3463537693023682,1377337373999
52.222365402268835,6.891533411857908,87.43916230437736,6,null,262.7040100097656,1.3255280256271362,1377337374999
52.222365380494885,6.8915191824914395,87.39863085288243,4,null,263.5551452636719,1.3165342807769775,1377337375999
52.22236470601549,6.89149760415065,87.3257277553511,8,null,264.08697509765625,1.3080902099609375,1377337376999
52.22236214349727,6.891476303944855,87.31144841578885,6,null,258.1888122558594,1.3174160718917847,1377337377999
52.22235979216277,6.891454168829716,87.2884638558617,6,null,263.4450378417969,1.318395733833313,1377337378999
52.2219024,6.8944269,null,948,null,null,null,1377337378037
52.22235728740572,6.891423437960222,87.29397189254189,8,null,257.48345947265625,1.313834547996521,1377337379999
52.22235672524538,6.891407412562841,87.29415120430346,8,null,264.8867492675781,1.3037456274032593,1377337380999
52.222355996976944,6.891392789380034,87.30923953259702,4,null,269.8826599121094,1.3033264875411987,1377337381999
52.22235483692535,6.891375282349937,87.33463894496678,4,null,267.3028564453125,1.308790922164917,1377337382999
52.22235385473044,6.891361505256742,87.26436053857945,4,null,274.0706787109375,1.2963510751724243,1377337383999
52.22235231984129,6.891345456683811,87.22017920078292,6,null,268.70123291015625,1.2784903049468994,1377337384999
52.222350542730624,6.891325248439894,87.11532852086474,6,null,271.6345520019531,1.2824441194534302,1377337385999
52.222348416791675,6.891300283856032,86.98027791895723,6,null,272.1470031738281,1.2840601205825806,1377337386999
52.22234721514217,6.891282564406056,86.87866091629257,8,null,272.25897216796875,1.2818775177001953,1377337387999
52.22234752599297,6.891265057638953,86.81428075064325,6,null,275.0199279785156,1.2784100770950317,1377337388999
52.22234867247686,6.891245859823191,86.79205865422806,6,null,277.5606689453125,1.27606999874115,1377337389999
52.22234934436098,6.891230698278272,86.73518286591381,6,null,273.37493896484375,1.2321009635925293,1377337390999
52.22235097189211,6.891220335844451,86.73963682451823,6,null,277.149169921875,1.1955302953720093,1377337391999
52.2223533429774,6.89121144563311,86.76230689306541,4,null,277.6186218261719,1.175869107246399,1377337392999
52.22235363202684,6.8912014259394985,86.81201838403678,6,null,265.8910827636719,1.1319804191589355,1377337393999
52.22235307413342,6.891190534956956,86.84835783940024,6,null,269.05914306640625,1.084591269493103,1377337394999
52.22235383067921,6.891176221894711,86.78255777908966,6,null,277.06109619140625,1.0669556856155396,1377337395999
52.222356017666854,6.891162048865538,86.75368159398708,12,null,278.8094787597656,1.0682835578918457,1377337396999
52.222358776644704,6.891148534188549,86.680854183163,6,null,281.1440124511719,1.0574917793273926,1377337397999
52.22236200373005,6.891132734275078,86.57875737250475,6,null,281.08087158203125,1.0549802780151367,1377337398999
52.2219024,6.8944269,null,948,null,null,null,1377337398145
52.222363182193,6.891110252153343,86.45572522520558,6,null,266.57861328125,1.0501117706298828,1377337399999
52.22236408129786,6.891094153288161,86.30520116051731,12,null,265.7889709472656,1.043353796005249,1377337400999
52.22236529953117,6.891074010099848,86.16423842789018,6,null,275.26611328125,1.0338448286056519,1377337401999
52.22236455435686,6.89105106594525,86.05072377295915,6,null,265.4490051269531,1.0449849367141724,1377337402999
52.222363977741544,6.891025651996695,86.06034998281743,6,null,268.8404846191406,1.05961012840271,1377337403999
52.22235924951122,6.891006100468632,86.01385075393664,6,null,252.13209533691406,1.0595481395721436,1377337404999
52.22234776548368,6.890977521538071,85.94530938884462,4,null,238.0353546142578,1.0544538497924805,1377337405999
52.22234060789302,6.890961729476803,85.86481581283613,4,null,236.65667724609375,1.050619125366211,1377337406999
52.22234016449811,6.890944639079297,85.75547884576513,4,null,267.60009765625,1.0151288509368896,1377337407999
52.222340809572295,6.890928696716641,85.66911870777426,8,null,270.4385681152344,1.007415771484375,1377337408999
52.22234198893363,6.890914836687724,85.59988140662236,4,null,269.74407958984375,1.005642294883728,1377337409999
52.22234542888894,6.890908045662605,85.49713101528934,4,null,296.6624755859375,0.9708079695701599,1377337410999
52.222348491922276,6.890898065795039,85.4182534405366,6,null,287.2537536621094,0.9530225396156311,1377337411999
52.222354860523744,6.890887817793017,85.34504133842223,8,null,312.2079772949219,0.9539607763290405,1377337412999
52.2223610654128,6.890878364695259,85.24696628938517,8,null,314.2872619628906,0.9503378868103027,1377337413999
52.222368355682356,6.890864485394608,85.18818906930899,8,null,308.5232238769531,0.984700083732605,1377337414999
52.22237486596161,6.890851832655388,85.09985536477528,8,null,303.2809753417969,0.9918339848518372,1377337415999
52.222378223528246,6.89084043388487,85.0144396937428,8,null,291.81561279296875,0.9901180267333984,1377337416999
52.22238681839432,6.890825465851306,84.92634358598401,8,null,308.50927734375,0.9899957776069641,1377337417999
52.22239510215222,6.890814539702277,84.85666051911953,12,null,336.2182922363281,0.974923312664032,1377337418999
52.2219024,6.8944269,null,948,null,null,null,1377337418204
52.22240166955366,6.890801449304638,84.83034405671678,12,null,321.71527099609375,0.9729021787643433,1377337419999
52.222405945529516,6.890790962352907,84.81420790262366,12,null,309.3683166503906,0.9231199026107788,1377337420999
52.222406399724264,6.890777546142277,84.80705732867264,12,null,275.1036376953125,0.894497811794281,1377337421999
52.22240559580882,6.890764766651817,84.81708538150806,12,null,267.5837097167969,0.8665869235992432,1377337422999
52.22241211392655,6.890739508334353,84.85379519186169,12,null,300.3423156738281,0.886145830154419,1377337423999
52.22241449634878,6.890722738536309,84.91055008204025,8,null,299.8719177246094,0.8913889527320862,1377337424999
52.22241428261942,6.8907016222320046,84.97042499512676,12,null,297.3059997558594,0,1377337425999
52.22241374825918,6.890690092988176,84.99063410210506,16,null,300.8429260253906,0,1377337426999
52.22241027300586,6.890681106939134,84.9605385657248,8,null,249.2918701171875,0.8217076659202576,1377337427999
52.222411435373466,6.890673419856929,85.01075854867835,8,null,295.9006042480469,0.7914900779724121,1377337428999
52.222413202529616,6.890665441554514,85.05480211361845,16,null,287.2519836425781,0,1377337429999
52.222413182006335,6.89066533685837,85.06155456992434,16,null,287.2519836425781,0,1377337430999
52.2224135117956,6.890666818290984,85.06802112579494,16,null,287.2519836425781,0,1377337431999
52.222414134501534,6.890669196705509,85.07496868895997,16,null,287.2519836425781,0,1377337432999
52.22241476123812,6.890672185591499,85.0814170077869,12,null,287.2519836425781,0,1377337433999
52.222415321498396,6.890675761372133,85.09241669894533,16,null,287.2519836425781,0,1377337434999
52.22241486299869,6.890678647577685,85.1069116876964,16,null,287.2519836425781,0,1377337435999
52.22241447815373,6.890690952903246,85.2743225600928,16,null,77.09495544433594,0,1377337436999
52.222410861822766,6.890704830798476,85.44931937839127,8,null,96.98104095458984,0,1377337437999
52.22240600890306,6.890710338307574,85.51859424791763,12,null,109.48518371582031,0,1377337438999
52.2219024,6.8944269,null,948,null,null,null,1377337438222
52.22240247229799,6.890705067253669,85.52156781048434,8,null,109.48518371582031,0,1377337439999
52.22239875315221,6.890700102177998,85.52178634642162,8,null,109.48518371582031,0,1377337440999
52.22239775300694,6.890696641680011,85.5244498771033,8,null,109.48518371582031,0,1377337441999
52.22238696609102,6.890685225325207,85.56398073541884,8,null,195.0975341796875,0.8840753436088562,1377337442999
52.22237800991154,6.8906728507063955,85.61747777801239,12,null,199.5729522705078,1.0667163133621216,1377337443999
52.222374176488316,6.890662573663558,85.6547176696569,12,null,200.01947021484375,0,1377337444999
52.222370337646524,6.89065145531876,85.70765549450104,12,null,204.00027465820312,0,1377337445999
52.22237237330413,6.8906261421862895,85.74147765725199,12,null,263.46295166015625,0.9498803615570068,1377337446999
52.22237318995047,6.890610492022486,85.73997794293192,8,null,263.6955871582031,0,1377337447999
52.22237697231503,6.8906005976727025,85.68313169865456,12,null,279.1192932128906,0,1377337448999
52.222380390099666,6.890592838925742,85.66155655238384,16,null,279.6457214355469,0,1377337449999
52.22238128799387,6.890588423608895,85.68629521397199,16,null,277.0511169433594,0,1377337450999
52.2223814293209,6.890592562927219,85.68623061715293,16,null,277.0511169433594,0,1377337451999
52.222381213469475,6.890599123142082,85.6906098860214,12,null,277.0511169433594,0,1377337452999
52.22238028649618,6.890603806301581,85.69839039148165,12,null,277.0511169433594,0,1377337453999
52.22238025017523,6.890603659041643,85.68843371660752,16,null,277.0511169433594,0,1377337454999
52.22237825282672,6.890590929249667,85.50652625683685,16,null,277.0511169433594,0,1377337455999
52.22237391833725,6.890571910417003,85.33815038531505,16,null,246.34420776367188,0.989448606967926,1377337456999
52.222381314227675,6.890540904336791,85.17277032120957,16,null,246.34420776367188,0,1377337457999
52.222381478116716,6.890540672342749,85.17314023435553,12,null,246.34420776367188,0,1377337458999
52.2219024,6.8944269,null,948,null,null,null,1377337458232
52.2223814804547,6.890540669222747,85.1877672425755,12,null,246.34420776367188,0,1377337459999
52.22238118162393,6.89051014609829,85.4487295312714,16,null,270.6124572753906,0.9029746055603027,1377337460999
52.222380189645094,6.890473892635218,85.67300138531702,12,null,260.1026611328125,1.3499311208724976,1377337461999
52.222383727790806,6.890439505763994,85.89696931190524,16,null,262.2021179199219,0,1377337462999
52.22238554525781,6.890428418266767,85.91700446477954,16,null,262.2021179199219,0,1377337463999
52.22238548769216,6.890428334345311,85.94385196698568,12,null,262.2021179199219,0,1377337464999
52.22238548693576,6.890428333549143,85.96734449499753,8,null,262.2021179199219,0,1377337465999
52.22238425424276,6.890420118311318,85.99040806250963,16,null,262.2021179199219,0,1377337466999
52.22238424035263,6.89042002043282,86.01613217418144,16,null,262.2021179199219,0,1377337467999
52.22238424021508,6.8904200193718,86.04543692227504,8,null,262.2021179199219,0,1377337468999
52.22238450730772,6.890413924254954,86.08208626504097,12,null,262.2021179199219,0,1377337469999
52.22237427019479,6.890373601649193,86.11628890673065,16,null,262.2021179199219,0,1377337470999
52.22237300734788,6.890328993225486,86.44836626522766,16,null,314.9773864746094,1.3094342947006226,1377337471999
52.222369157684305,6.890295352866722,86.78406229016524,16,null,314.5364685058594,1.1121760606765747,1377337472999
52.222369057325295,6.890295136732086,87.17015897954438,16,null,314.5364685058594,0,1377337473999
52.22236905629718,6.8902951344956165,87.53673803355153,24,null,314.5364685058594,0,1377337474999
52.22236905628534,6.890295134472212,87.57555837983048,16,null,314.5364685058594,0,1377337475999
52.22236905628521,6.890295134471968,87.61638015763737,16,null,314.5364685058594,0,1377337476999
52.22236905628521,6.890295134471965,87.65558702379239,16,null,314.5364685058594,0,1377337477999
52.22236905628521,6.890295134471965,87.69122509972796,12,null,314.5364685058594,0,1377337478999
52.2211265,6.8899375,null,948,null,null,null,1377337478281
52.222364665379786,6.890290915934833,87.72470712138578,16,null,314.5364685058594,0,1377337479999
52.222356924387874,6.890277606044287,88.0191947344885,12,null,314.5364685058594,0,1377337480999
52.222349271839,6.890261243803082,88.34720501334658,12,null,314.5364685058594,0,1377337481999
52.22234450975722,6.890239794649354,88.69095316594561,16,null,314.5364685058594,0,1377337482999
52.22234450142209,6.890239759317814,88.72670385907809,16,null,314.5364685058594,0,1377337483999
52.22234450131131,6.89023976014559,89.037763626834,8,null,314.5364685058594,0,1377337484999
52.222344501309685,6.890239760164864,89.06605338131871,8,null,314.5364685058594,0,1377337485999
52.22234450130966,6.890239760165176,89.0912147463533,8,null,314.5364685058594,0,1377337486999
52.222345812598675,6.890251983126023,89.28202058703405,12,null,314.5364685058594,0,1377337487999
52.22234582987326,6.890265259785217,89.44674780525561,8,null,314.5364685058594,0,1377337488999
52.22234582467277,6.890265312937621,89.46506113811789,8,null,314.5364685058594,0,1377337489999
52.222345824615495,6.890265313501188,89.48392566647306,12,null,314.5364685058594,0,1377337490999
52.22234582461491,6.890265313507676,89.50354536756876,12,null,314.5364685058594,0,1377337491999
52.222345824614905,6.890265313507744,89.52030316325778,12,null,314.5364685058594,0,1377337492999
52.222345824614905,6.8902653135077445,89.54130275984984,12,null,314.5364685058594,0,1377337493999
52.222345824614905,6.8902653135077445,89.56299362893252,12,null,314.5364685058594,0,1377337494999
52.222345824614905,6.8902653135077445,89.57436195483015,12,null,314.5364685058594,0,1377337495999
52.222345824614905,6.8902653135077445,89.58510425271136,12,null,314.5364685058594,0,1377337496999
52.222345824614905,6.8902653135077445,89.59517024321269,12,null,314.5364685058594,0,1377337497999
52.222345824614905,6.8902653135077445,89.60348493687812,8,null,314.5364685058594,0,1377337498999
52.2211265,6.8899375,null,948,null,null,null,1377337498293
52.222345824614905,6.8902653135077445,89.61068207365037,8,null,314.5364685058594,0,1377337499999
52.222345824614905,6.8902653135077445,89.62011680210149,12,null,314.5364685058594,0,1377337500999
52.222345824614905,6.8902653135077445,89.62907390173811,12,null,314.5364685058594,0,1377337501999
52.222345824614905,6.8902653135077445,89.63807294592856,12,null,314.5364685058594,0,1377337502999
52.222345824614905,6.8902653135077445,89.64865826373268,12,null,314.5364685058594,0,1377337503999
52.222345824614905,6.8902653135077445,89.65491871585209,12,null,314.5364685058594,0,1377337504999
52.22234596288496,6.890266517365256,89.66602921789482,12,null,314.5364685058594,0,1377337505999
52.22234830586835,6.890283099434927,89.67781267804605,12,null,314.5364685058594,0,1377337506999
52.222350809748285,6.890298293730446,89.69040701330398,12,null,314.5364685058594,0,1377337507999
52.222353221545696,6.890305728522143,89.70394363982892,8,null,314.5364685058594,0,1377337508999
52.22235586167021,6.89031099223161,89.71971964608724,8,null,314.5364685058594,0,1377337509999
52.22235870398915,6.890316232942551,89.73048401911258,8,null,314.5364685058594,0,1377337510999
52.222360573113846,6.890317711220965,89.74006690047767,8,null,314.5364685058594,0,1377337511999
52.22236321343323,6.8903187318873265,89.74379011457437,8,null,314.5364685058594,0,1377337512999
52.22236864032507,6.890320493607857,89.75452933174518,8,null,314.5364685058594,0,1377337513999
52.222371494389485,6.890322311176645,89.76362615335482,8,null,314.5364685058594,0,1377337514999
52.222374615007446,6.890322135329395,89.7746333792613,8,null,314.5364685058594,0,1377337515999
52.22237596429922,6.8903247708811275,89.7875249907377,12,null,314.5364685058594,0,1377337516999
52.22237525261737,6.8903265540634235,89.79894147217794,12,null,314.5364685058594,0,1377337517999
52.22237444189782,6.8903276524327515,89.81696189014798,12,null,314.5364685058594,0,1377337518999
52.2210014,6.8866561,null,1266,null,null,null,1377337518299
52.222374252638225,6.890327305548925,89.83102484953746,12,null,314.5364685058594,0,1377337519999
52.222374560042425,6.890329408363336,89.84345446354276,12,null,314.5364685058594,0,1377337520999
52.22237366932394,6.890329855077225,89.85274516421259,12,null,314.5364685058594,0,1377337521999
52.22237114039337,6.890329930435974,89.85503007624322,12,null,314.5364685058594,0,1377337522999
52.2223694957325,6.890329404357329,89.85290409674069,12,null,314.5364685058594,0,1377337523999
52.222365281980984,6.890322573674337,89.85110434690803,12,null,314.5364685058594,0,1377337524999
52.22236288150776,6.890311259626319,89.85153428233596,12,null,314.5364685058594,0,1377337525999
52.22236181757384,6.890305179880452,89.8572711732878,12,null,314.5364685058594,0,1377337526999
52.222361082501365,6.8903053482138,89.86456398639015,12,null,314.5364685058594,0,1377337527999
52.22235974625334,6.890305678349701,89.87382301125955,12,null,314.5364685058594,0,1377337528999
52.22235875648118,6.890309677292586,89.88566520058201,12,null,314.5364685058594,0,1377337529999
52.22235888451559,6.890311048680238,89.9050143221109,12,null,314.5364685058594,0,1377337530999
52.22236013231362,6.8903144523820155,89.9214954324168,12,null,314.5364685058594,0,1377337531999
52.22235829188786,6.890320980358691,89.93742862640954,12,null,314.5364685058594,0,1377337532999
52.22235700019265,6.890322468157541,89.95171076706936,12,null,314.5364685058594,0,1377337533999
52.22235582514101,6.8903229733372955,89.96606867781065,12,null,314.5364685058594,0,1377337534999
52.22235298403098,6.890322397363668,89.98605742127914,12,null,314.5364685058594,0,1377337535999
52.22235059321207,6.890322204139969,90.01051149559693,8,null,314.5364685058594,0,1377337536999
52.22234832244224,6.890322214759304,90.03490943269658,8,null,314.5364685058594,0,1377337537999
52.22234656683446,6.89032245359382,90.05976770276679,8,null,314.5364685058594,0,1377337538999
52.2210014,6.8866561,null,1266,null,null,null,1377337538314
52.22233931023525,6.890317664115589,90.27821707390754,8,null,207.47406005859375,0,1377337539999
52.22233259788592,6.8903134136052815,90.45593921258185,8,null,207.0368194580078,0,1377337540999
52.22232935665003,6.890308199225384,90.59859434876515,8,null,209.3009796142578,0,1377337541999
52.22232671478683,6.8903044602028025,90.70783762388302,8,null,199.0151824951172,0,1377337542999
52.22232514648971,6.890300857217174,90.78486934228987,12,null,203.57879638671875,0,1377337543999
52.22232453805326,6.890298275793421,90.85681030527425,12,null,206.2666778564453,0,1377337544999
52.222325996616995,6.890293752750309,90.94436892393229,12,null,204.8925323486328,0,1377337545999
52.2223253720393,6.890297714510522,90.99285450691877,12,null,173.54930114746094,0,1377337546999
52.222328196357104,6.890301902855272,91.01567941673748,12,null,185.4683837890625,0,1377337547999
52.22232919566536,6.8903027941553265,91.01455950759707,12,null,185.4683837890625,0,1377337548999
52.22233142001044,6.8903064846708935,91.01368173825381,16,null,185.4683837890625,0,1377337549999
52.222333508112975,6.890308268170882,91.02499151495535,16,null,185.4683837890625,0,1377337550999
52.22232756259788,6.890312804107449,91.12480682447075,12,null,155.05319213867188,1.0198944807052612,1377337551999
52.22232130611572,6.8903156822253475,91.19330475403697,12,null,157.69873046875,0.9037908315658569,1377337552999
52.22231582397757,6.8903195300214435,91.32226885977344,12,null,157.42755126953125,0,1377337553999
52.222315282975764,6.8903199891455,91.33760701657702,12,null,157.42755126953125,0,1377337554999
52.222313801976036,6.890320603616973,91.35295101216826,12,null,157.42755126953125,0,1377337555999
52.222312886072146,6.890320008704379,91.35931699587731,12,null,157.42755126953125,0,1377337556999
52.22231139421669,6.890318581100877,91.35786725343975,12,null,157.42755126953125,0,1377337557999
