Latitude,Longitude,Altitude,Accuracy,Altitude Accuracy,Heading,Speed,Timestamp
52.2219024,6.8944269,null,948,null,null,null,1377336544002
52.221541736949405,6.895166683624145,100.03380363585211,6,null,359.26605224609375,0.9946087598800659,1377336546000
52.22154832328915,6.895162659549789,99.84161662549214,6,null,0.05918509140610695,0.989279568195343,1377336547000
52.221557672952855,6.89515913457628,99.70815590259538,12,null,357.265380859375,0.9982814788818359,1377336548000
52.221570015181285,6.895157617265143,99.62028371682243,6,null,358.14739990234375,1.0265886783599854,1377336549000
52.22158068666358,6.8951588119800045,99.52435856221337,6,null,2.676708936691284,1.0261086225509644,1377336550000
52.22159289015033,6.895158674748809,99.43192863164887,6,null,0.2365771383047104,1.023472547531128,1377336551000
52.221605091279834,6.89516002938964,99.37166016810855,6,null,7.7158660888671875,1.0160176753997803,1377336552000
52.221618837852446,6.8951617383157515,99.40436704094823,6,null,8.296847343444824,1.0196901559829712,1377336553000
52.22162701176966,6.895163164968587,99.44363994060329,6,null,5.739786624908447,0.9971063137054443,1377336554000
52.22163329459194,6.895163841243009,99.45078786729532,6,null,357.4411315917969,0.9742864370346069,1377336555000
52.221639884196236,6.895165581656475,99.41014448719623,6,null,9.930449485778809,0.9670083522796631,1377336556000
52.221647147723324,6.895167467001823,99.37907359938632,4,null,13.688393592834473,0.9599918723106384,1377336557000
52.22165577106157,6.895168962204958,99.3236030545253,4,null,12.563693046569824,0.9624547362327576,1377336558000
52.22166455313853,6.895169877489973,99.30099045853284,4,null,10.379223823547363,0.956543505191803,1377336559000
52.22167304539961,6.8951694585485725,99.28822365395824,4,null,1.8390475511550903,0.9401192665100098,1377336560000
52.221779388406695,6.895165689166054,99.50097716708954,6,null,6.292638778686523,0.9464488625526428,1377336567000
52.221802628820846,6.895165661206838,99.31953720367467,6,null,13.084383010864258,0.970991313457489,1377336568000
52.221818523490974,6.8951687208577574,99.13602277554959,6,null,21.04515838623047,1.0071723461151123,1377336569000
52.22183721189611,6.8951725587571895,98.98288604949097,8,null,12.112662315368652,1.0762102603912354,1377336570000
52.221844314841704,6.895169895282252,98.80605186191394,6,null,20.835216522216797,1.0255614519119263,1377336571000
52.22185066447194,6.895168596916094,98.68491950873198,6,null,26.059249877929688,0.9693138599395752,1377336572000
52.22185608088387,6.895170982284914,98.61184704722294,8,null,22.270896911621094,0.927335262298584,1377336573000
52.221858992883696,6.895168829582701,98.497713383566,8,null,13.158439636230469,0.8951383233070374,1377336574000
52.221862288467314,6.89516418163291,98.30943741218331,8,null,16.739648818969727,0.4104946553707123,1377336575000
52.221867334370955,6.895159777216424,98.13874348307982,6,null,22.677562713623047,0.41689297556877136,1377336576000
52.22187297654985,6.895159828774815,97.96591135797199,6,null,28.838436126708984,0.4049055576324463,1377336577000
52.221878631666414,6.895160070668738,97.82448441147335,6,null,9.250922203063965,0.4122069180011749,1377336578000
52.221883912914514,6.895164260504432,97.63648922985625,6,null,23.129301071166992,0.5227645039558411,1377336579000
52.22188930293234,6.895170663286337,97.50250320823272,8,null,32.45796203613281,0.634731113910675,1377336580000
52.22189606886547,6.895179200424499,97.36116536655322,6,null,34.902164459228516,0.8005598187446594,1377336581000
52.22190607004344,6.895188598604013,97.26765524219057,8,null,20.01630210876465,1.0376336574554443,1377336582000
52.22191870695929,6.895198086148762,97.24924868403713,8,null,15.054218292236328,1.0927964448928833,1377336583000
52.22192893287538,6.89520529894513,97.26643596488663,6,null,11.372934341430664,1.1154288053512573,1377336584000
52.221939282372695,6.895211901641706,97.29166547456192,6,null,7.517316818237305,1.1073533296585083,1377336585000
52.221951500923595,6.895218711173002,97.27323886004275,8,null,7.974091529846191,1.1688450574874878,1377336586000
52.221963853024256,6.895225272820213,97.26132336777849,6,null,14.317582130432129,1.1750876903533936,1377336587000
52.2221422,6.8942383,null,948,null,null,null,1377336585842
52.22197430510594,6.895226774470312,97.24913488993901,6,null,17.287500381469727,1.1712077856063843,1377336588000
52.22198551095894,6.895231179610922,97.26004053009854,6,null,28.967100143432617,1.1576703786849976,1377336589000
52.22199543101496,6.895232315787268,97.304599968696,8,null,33.20794677734375,1.1320059299468994,1377336590000
52.22200573866218,6.895236602199254,97.38969889884932,6,null,34.32077407836914,1.112270474433899,1377336591000
52.22201601089897,6.895241039340639,97.50988224837616,6,null,30.59259033203125,1.088962435722351,1377336592000
52.22202362945528,6.895239863002481,97.60389397699034,6,null,12.547798156738281,1.052123785018921,1377336593000
52.222030813425384,6.895237756265231,97.73478186290447,6,null,22.17630386352539,1.00801420211792,1377336594000
52.22203778270315,6.895234840426458,97.88688393138133,8,null,3.8269095420837402,0.9780358076095581,1377336595000
52.22203914438234,6.895231355859715,97.90481498573708,6,null,3.8269095420837402,0,1377336596000
52.22204210783806,6.895230512857457,97.91879246691006,8,null,3.8269095420837402,0,1377336597000
52.2220458399382,6.895232826538582,97.92905372767332,8,null,3.8269095420837402,0,1377336598000
52.222048620693286,6.895236892202934,97.9383948115199,8,null,3.8269095420837402,0,1377336599000
52.222054255301906,6.895250732614468,98.0311759611173,8,null,65.75315856933594,0.3920905292034149,1377336600000
52.22208069633365,6.895284233500318,98.0699889386743,6,null,35.42754364013672,1.2003674507141113,1377336601000
52.22209828638016,6.895308767621831,98.0433850213796,12,null,41.396888732910156,1.1469018459320068,1377336602000
52.22210900213583,6.895315174263074,98.0086983962333,8,null,21.683393478393555,1.1557961702346802,1377336603000
52.22212507320615,6.895328516179858,98.0232864474101,8,null,24.00541877746582,1.1627486944198608,1377336604000
52.22214194212853,6.89534536633836,98.05658971350363,8,null,26.819438934326172,1.153594970703125,1377336605000
52.2223821,6.8940497,null,1053,null,null,null,1377336604151
52.22215325744582,6.895356609643081,98.07833090297555,8,null,22.277599334716797,1.1147639751434326,1377336606000
52.22216716701177,6.895363915980481,98.17629404164026,6,null,6.1468281745910645,1.1365315914154053,1377336607000
52.22217836410601,6.895371817157041,98.2303991549954,6,null,8.639623641967773,1.1300877332687378,1377336608000
52.22218939820578,6.895380164075616,98.25935736426366,8,null,16.876834869384766,1.1209865808486938,1377336609000
52.22220135743694,6.895385665032314,98.31469685470034,8,null,12.333806037902832,1.109158992767334,1377336610000
52.2222131208385,6.895394316637524,98.37517363125482,8,null,23.56410026550293,1.115475058555603,1377336611000
52.222220375570444,6.895407889713376,98.43140077457181,6,null,46.95395278930664,1.1002886295318604,1377336612000
52.22222554778884,6.895422056889847,98.45471743979527,6,null,62.6909294128418,1.0804177522659302,1377336613000
52.22223365931267,6.895433735050783,98.55874179491919,12,null,60.625267028808594,1.0620132684707642,1377336614000
52.22224116247454,6.8954428769415275,98.6462924017808,12,null,59.070777893066406,1.0395771265029907,1377336615000
52.22225069647207,6.895456283042297,98.74387657291139,6,null,52.75514221191406,1.0416983366012573,1377336616000
52.22225798803503,6.895469886768625,98.84740214725784,6,null,67.34626007080078,1.0192292928695679,1377336617000
52.22226093142996,6.895476144930025,98.90820872129959,6,null,91.201416015625,0.9848083257675171,1377336618000
52.22226235314007,6.895481887690651,98.95621009154236,6,null,106.6440658569336,0.9643329977989197,1377336619000
52.222266065108805,6.895489012775547,98.9772174769171,12,null,90.8036117553711,0.9451227188110352,1377336620000
52.222271215498814,6.895497573969176,98.97258053886034,6,null,90.30967712402344,0.9198228716850281,1377336621000
52.22227833869799,6.895508630316061,98.99726994438512,8,null,76.62429809570312,0.9008281230926514,1377336622000
52.22228596150527,6.895522204535672,98.99775223387206,8,null,68.50440216064453,0.8948419094085693,1377336623000
52.222292744197546,6.895537736706471,99.05533778827817,8,null,70.12405395507812,0.8892859816551208,1377336624000
52.2222967029863,6.895554207566531,99.10768376148302,8,null,87.92476654052734,0.8770762085914612,1377336625000
52.2223821,6.8940497,null,1053,null,null,null,1377336624205
52.222302104881614,6.89556934078903,99.16132372454499,8,null,70.65132904052734,0.870395302772522,1377336626000
52.22230562187469,6.895579704877169,99.20155835516763,8,null,75.52715301513672,0.832116425037384,1377336627000
52.222308506641525,6.8955889868770806,99.19414994187771,8,null,93.98749542236328,0.30658262968063354,1377336628000
52.2223134175813,6.895603176519635,99.19518035739988,8,null,77.58139038085938,0.6743720173835754,1377336629000
52.22231830068031,6.895620138368091,99.1976364768737,8,null,75.60469055175781,0.8825337290763855,1377336630000
52.222322742567584,6.895637422514001,99.19704103302885,8,null,76.68053436279297,0.963675320148468,1377336631000
52.222325493448466,6.89565468940428,99.19871025232423,12,null,90.99939727783203,0.9774166941642761,1377336632000
52.2223378731996,6.895663778747247,99.25820766577512,6,null,48.97981262207031,0.7612780332565308,1377336633000
52.22235290520194,6.8956707289507975,99.31842330827045,6,null,36.56907653808594,0.6821613311767578,1377336634000
52.22236619243788,6.895680361000592,99.31695417811416,6,null,47.622623443603516,0.6511724591255188,1377336635000
52.2223761035579,6.895694026219456,99.36730870734345,8,null,62.72938919067383,0.6686629056930542,1377336636000
52.222382937609986,6.895711488956626,99.39093824987891,6,null,81.59513854980469,0.6931812763214111,1377336637000
52.22239097247835,6.895731535704153,99.50800982499162,8,null,77.18077087402344,0.7197701334953308,1377336638000
52.222399589820036,6.895747018538839,99.57009535273205,8,null,80.87397766113281,0.693799614906311,1377336639000
52.22241393461377,6.895758732490463,99.63876282001424,6,null,12.051596641540527,0.699585497379303,1377336640000
52.22242279505425,6.895770246238844,99.74872410265645,8,null,46.67817687988281,0.34545421600341797,1377336641000
52.222432071983846,6.895792778263913,99.84522783245816,8,null,65.32720947265625,0.8797090649604797,1377336642000
52.222435203571706,6.895844473470242,99.92690691428707,6,null,93.80998229980469,1.2145220041275024,1377336643000
52.22243792245529,6.895870831180557,100.01074944624983,6,null,93.95343017578125,1.0462934970855713,1377336644000
52.222441163883865,6.895903993126149,100.18408327644754,8,null,89.04515075683594,1.1514989137649536,1377336645000
52.2223821,6.8940497,null,1053,null,null,null,1377336644176
52.222444652153484,6.895928870605732,100.36329442980859,8,null,87.64696502685547,1.1817189455032349,1377336646000
52.22244921840756,6.89595767782369,100.51314601053407,12,null,80.94091033935547,1.2160029411315918,1377336647000
52.22245230740271,6.895975875516357,100.63858423204547,6,null,88.67733001708984,1.247401475906372,1377336648000
52.2224536844654,6.8959993800761215,100.71643365637361,6,null,94.3624496459961,1.2261520624160767,1377336649000
52.22245380978746,6.896019725704819,100.81285060746241,6,null,99.6802978515625,1.223701000213623,1377336650000
52.2224551723367,6.896041251532838,100.89581627249427,6,null,92.0014419555664,1.2268608808517456,1377336651000
52.22245835632884,6.896062049088583,100.96859348537109,6,null,81.40711975097656,1.237175464630127,1377336652000
52.22246196167948,6.896082445097695,101.05478566524987,6,null,74.6238784790039,1.2468847036361694,1377336653000
52.222463442280805,6.89610070890347,101.11488270660239,6,null,84.83889770507812,1.259320616722107,1377336654000
52.22246314652151,6.896120627640252,101.1474707492736,16,null,91.76019287109375,1.2671072483062744,1377336655000
52.22246541105787,6.896144452932255,101.16082140839443,16,null,78.70681762695312,1.2733185291290283,1377336656000
52.22246450309583,6.89616863832492,101.17584134587626,16,null,91.92550659179688,1.289245367050171,1377336657000
52.22246718081467,6.896197392205048,101.12157279514732,6,null,84.68766784667969,1.2963910102844238,1377336658000
52.22247147352267,6.896223807155724,101.02611728096173,6,null,82.07039642333984,1.2934277057647705,1377336659000
52.22247537862008,6.89624515856499,100.9473646690867,6,null,97.18348693847656,1.2955923080444336,1377336660000
52.22247996180666,6.896260546437365,100.85724361703602,6,null,95.80755615234375,1.2949533462524414,1377336661000
52.22248381727866,6.896272048503157,100.76159959823937,6,null,101.771728515625,1.2894704341888428,1377336662000
52.22248957030647,6.896283423766643,100.67580274800147,6,null,85.58596801757812,1.2848613262176514,1377336663000
52.222493065739954,6.896290374179842,100.55628863944138,6,null,105.37772369384766,1.2867428064346313,1377336664000
52.2224936995982,6.896308658458466,100.45172251827233,16,null,104.88137817382812,1.3039213418960571,1377336665000
52.2223821,6.8940497,null,1053,null,null,null,1377336664212
52.22249498363826,6.896329498660467,100.346401749638,16,null,94.11725616455078,1.292580485343933,1377336666000
52.22249200626717,6.896355002324022,100.24301101318954,8,null,109.48124694824219,1.3056597709655762,1377336667000
52.222492038153646,6.896378699898361,100.13799260716542,8,null,92.66094970703125,1.2880767583847046,1377336668000
52.22249161093625,6.896400539012468,100.03142758448514,6,null,98.6084976196289,1.2811099290847778,1377336669000
52.222488578296215,6.896413712609512,99.9124360673751,6,null,122.8312759399414,1.246772289276123,1377336670000
52.22248522924833,6.8964224880426155,99.7789083231173,8,null,133.5215301513672,1.208573341369629,1377336671000
52.22248959115413,6.896432527953149,99.66275374765884,8,null,78.2971420288086,1.1478586196899414,1377336672000
52.22249402106352,6.89644188270894,99.58003954701053,6,null,97.8645248413086,1.0853301286697388,1377336673000
52.22250080741445,6.896440289557467,99.57234766883586,6,null,97.8645248413086,0,1377336674000
52.22250705450227,6.896436126874481,99.56508110271085,6,null,97.8645248413086,0,1377336675000
52.222512039398694,6.896429469817544,99.46055050662443,6,null,97.8645248413086,0,1377336676000
52.222515436831735,6.896424484065429,99.34691788400262,12,null,158.17526245117188,0.31360384821891785,1377336677000
52.2225199916605,6.89642015521359,99.33994639581815,8,null,158.17526245117188,0,1377336678000
52.2225232470534,6.8964170005740595,99.33462786908942,8,null,158.17526245117188,0,1377336679000
52.2225267223608,6.896414829666459,99.33197603862239,8,null,158.17526245117188,0,1377336680000
52.222529516171555,6.896413697340909,99.3285212588328,8,null,158.17526245117188,0,1377336681000
52.222529832179085,6.8964142087476,99.29125934247773,6,null,148.28854370117188,0.2925604283809662,1377336682000
52.22253390197464,6.896412307550229,99.28835535560485,6,null,148.28854370117188,0,1377336683000
52.22253397051905,6.896412277494358,99.28595378992243,12,null,148.28854370117188,0,1377336684000
52.222533971605195,6.896412277039824,99.28334130195152,12,null,148.28854370117188,0,1377336685000
52.2223821,6.8940497,null,1053,null,null,null,1377336684225
52.222533971620166,6.896412277032663,99.28032929804007,12,null,148.28854370117188,0,1377336686000
52.22253397162033,6.896412277032549,99.28327221462851,12,null,148.28854370117188,0,1377336687000
52.22253397162033,6.896412277032547,99.29097676845251,8,null,148.28854370117188,0,1377336688000
52.22253397162033,6.896412277032547,99.30267680396905,8,null,148.28854370117188,0,1377336689000
52.22253694645557,6.896398255132573,99.45671928609674,8,null,148.28854370117188,0,1377336690000
52.22253890955561,6.896387621059958,99.59231400769134,8,null,148.28854370117188,0,1377336691000
52.22253893654827,6.896387597348339,99.60587333864623,8,null,148.28854370117188,0,1377336692000
52.22253893681089,6.89638759712399,99.73828008888019,8,null,148.28854370117188,0,1377336693000
52.22254572220287,6.89637165047587,99.93366034677798,12,null,306.8824157714844,0.8818594813346863,1377336694000
52.222553743513664,6.8963531513484115,100.09721052478655,12,null,305.27484130859375,1.067958116531372,1377336695000
52.22255766817968,6.8963389793974095,100.26309840840172,12,null,305.27484130859375,0,1377336696000
52.222557670916615,6.89633887886295,100.28073483568572,12,null,305.27484130859375,0,1377336697000
52.22255767077985,6.896338877336441,100.29945164392788,16,null,305.27484130859375,0,1377336698000
52.22256219210909,6.89631978921816,100.46653500218723,16,null,305.27484130859375,0,1377336699000
52.22256218799253,6.8963196392848545,100.47869506345754,16,null,305.27484130859375,0,1377336700000
52.222560964468684,6.896312970291562,100.490161487678,8,null,305.27484130859375,0,1377336701000
52.22255819037376,6.896301080201644,100.50722392995579,12,null,305.27484130859375,0,1377336702000
52.222555382600426,6.896290613179234,100.51861132367634,12,null,305.27484130859375,0,1377336703000
52.222552047874316,6.896281036916027,100.52345602196128,12,null,305.27484130859375,0,1377336704000
52.22254823534637,6.8962734840917,100.5233100903939,12,null,305.27484130859375,0,1377336705000
52.2223821,6.8940497,null,1053,null,null,null,1377336704280
52.22254948221122,6.8962636142750355,100.48323531928857,16,null,320.3190612792969,0.696494996547699,1377336706000
52.22254591980724,6.896256478485852,100.44123686250305,8,null,268.1824951171875,0.6050975322723389,1377336707000
52.22254234824887,6.896246301774795,100.48343528377033,8,null,268.07659912109375,0.6078410148620605,1377336708000
52.222541419001296,6.896232651699802,100.45925735326321,8,null,281.47271728515625,0.7747452259063721,1377336709000
52.2225348193552,6.896223262603821,100.4228999631454,8,null,222.67127990722656,0.7893970608711243,1377336710000
52.2225316363848,6.896216319629591,100.43472996739929,8,null,220.71868896484375,0.7191190719604492,1377336711000
52.22252862206304,6.896208569602178,100.41393089357375,12,null,234.53492736816406,0.7316097617149353,1377336712000
52.22252432025813,6.896203651667226,100.31254154470328,12,null,207.56813049316406,0.694828450679779,1377336713000
52.222519652472855,6.896194085508945,100.15703093896828,12,null,222.16253662109375,0.6962083578109741,1377336714000
52.222520153873624,6.896181834483109,100.0147486534258,12,null,260.5697937011719,0.6964551210403442,1377336715000
52.222519172276364,6.896169205286049,99.86559050324408,8,null,249.54469299316406,0.7052751779556274,1377336716000
52.22252228003699,6.896154366519463,99.71759905929675,8,null,276.881591796875,0.7309324741363525,1377336717000
52.22252438929537,6.896147264541008,99.51478533914461,8,null,277.496826171875,0.7786675691604614,1377336718000
52.222526406703835,6.896129464568309,99.29994514414174,8,null,274.49969482421875,0.8417734503746033,1377336719000
52.222525372711274,6.896111363006217,99.04352865066801,8,null,259.3540954589844,0.9035740494728088,1377336720000
52.22252543659726,6.896092576993716,98.84052706503921,8,null,260.3348388671875,0.9504241943359375,1377336721000
52.222528522352896,6.896069279852776,98.70499425398431,8,null,273.80224609375,0.9733713269233704,1377336722000
52.2225311029296,6.896054395423793,98.61972597846976,8,null,270.7738037109375,0.9734426736831665,1377336723000
52.22253342040457,6.8960472473114365,98.51976254410076,6,null,273.56317138671875,0.9774004817008972,1377336724000
52.22253550903699,6.8960411388274805,98.42287309879188,6,null,273.56317138671875,0,1377336725000
52.2223821,6.8940497,null,1053,null,null,null,1377336724286
52.222535483457165,6.8960411392338345,98.42525931792815,16,null,273.56317138671875,0,1377336726000
52.22253550264184,6.896031149100878,98.46941665924477,8,null,273.56317138671875,0,1377336727000
52.222528939144674,6.8960178128604035,98.5703961237907,8,null,259.1858825683594,0.8706749081611633,1377336728000
52.222519162751276,6.896004210949806,98.74793054037445,12,null,273.98602294921875,0.8762910962104797,1377336729000
52.22250516320684,6.895990420664342,98.95493515608445,12,null,280.0386962890625,0.911465585231781,1377336730000
52.22248923029758,6.895982228675639,99.2027408743056,12,null,262.53759765625,0.9396814107894897,1377336731000
52.22247350790097,6.895979581081428,99.45707421392285,12,null,271.66143798828125,0.9517062306404114,1377336732000
52.22245574318633,6.895974419669798,99.69510764456639,8,null,267.41748046875,0.9739311933517456,1377336733000
52.222440244229105,6.895967525308899,100.10062682946902,12,null,267.41748046875,0,1377336734000
52.22244019088264,6.895967511167508,100.53648813685446,12,null,267.41748046875,0,1377336735000
52.22244019051813,6.895967510771684,101.0102245500961,12,null,267.41748046875,0,1377336736000
52.22244019051472,6.895967510766685,101.06284130993012,12,null,267.41748046875,0,1377336737000
52.222440190514696,6.89596751076665,101.11422672326712,12,null,267.41748046875,0,1377336738000
52.222440190514696,6.89596751076665,101.15744695282075,12,null,267.41748046875,0,1377336739000
52.222444093763066,6.895958032116425,101.56401279647835,12,null,267.41748046875,0,1377336740000
52.222444084722966,6.8959579918621525,101.60827213318719,12,null,267.41748046875,0,1377336741000
52.22244408460095,6.89595799120177,101.64607411334902,12,null,267.41748046875,0,1377336742000
52.22244693718877,6.895951443489662,101.9749177246535,12,null,267.41748046875,0,1377336743000
52.222452513791964,6.895935463670578,102.28977465269524,12,null,332.4656982421875,1.0793545246124268,1377336744000
52.22244784759636,6.895925829409135,102.32201831453345,12,null,332.4656982421875,0,1377336745000
52.2223821,6.8940497,null,1053,null,null,null,1377336744327
52.22242868666456,6.89592774073572,102.6713002765224,12,null,154.53509521484375,1.7615638971328735,1377336746000
52.22242864043612,6.895927652564226,102.99772971585122,12,null,154.53509521484375,0,1377336747000
52.22242863981715,6.895927651525697,103.29046298190292,12,null,154.53509521484375,0,1377336748000
52.22242863981081,6.895927651515818,103.31678378760257,12,null,154.53509521484375,0,1377336749000
52.22242863981075,6.89592765151573,103.57497781631136,8,null,154.53509521484375,0,1377336750000
52.22241987682801,6.895922592733002,103.79706462681946,8,null,154.53509521484375,0,1377336751000
52.22241034440644,6.895909335560532,103.9806145495539,16,null,222.6592559814453,0.8304742574691772,1377336752000
52.22241032522521,6.895909307498348,104.13862770154722,12,null,222.6592559814453,0,1377336753000
52.22241479788375,6.895891589702677,104.28670966196928,12,null,297.78692626953125,0.8952103853225708,1377336754000
52.22242003665065,6.895873494986864,104.439771920299,12,null,301.22772216796875,1.0487688779830933,1377336755000
52.2224217967054,6.8958546901744775,104.59906856901671,12,null,291.0487060546875,1.072158932685852,1377336756000
52.22242558189775,6.895819975337227,104.74210129220492,8,null,287.4438171386719,1.1512984037399292,1377336757000
52.22242912066753,6.895785105183072,104.86579131049646,8,null,295.4296569824219,1.1888295412063599,1377336758000
52.2224269249883,6.8957538257041815,104.97706758589085,12,null,295.29742431640625,1.1994600296020508,1377336759000
52.22242363616913,6.895731133682272,105.02328266063647,8,null,294.954833984375,1.1716246604919434,1377336760000
52.22242456318384,6.895709548449151,105.06993065824327,12,null,309.65106201171875,1.1464793682098389,1377336761000
52.222422979897075,6.895690696574129,105.14817659570879,12,null,306.5235595703125,1.1013197898864746,1377336762000
52.222422750681226,6.895665220005908,105.16968092165504,12,null,297.4319763183594,1.1385854482650757,1377336763000
52.222419704018144,6.8956464458986,105.1666693566485,12,null,290.8677978515625,1.1341801881790161,1377336764000
52.222415011114975,6.895602001089341,105.17528633269539,8,null,273.0237121582031,1.121049404144287,1377336765000
52.2223821,6.8940497,null,1053,null,null,null,1377336764353
52.22240944350781,6.895560770215905,105.22441582742331,8,null,265.54754638671875,1.1015679836273193,1377336766000
52.22239539540426,6.895503269586098,105.2164727824315,12,null,249.8599853515625,1.1195275783538818,1377336767000
52.22238026453238,6.895470041255191,105.31872162434304,12,null,234.6444091796875,1.1143028736114502,1377336768000
52.2223559044767,6.895450326648469,105.2404739430533,8,null,205.6948699951172,1.1218667030334473,1377336769000
52.22234050608495,6.8954397763189625,105.10211984429269,8,null,201.41485595703125,1.1066113710403442,1377336770000
52.22232322889327,6.89543207051861,104.98283950624668,8,null,197.62881469726562,1.1034966707229614,1377336771000
52.22230421531733,6.895420175806498,104.82749589805907,8,null,202.3731231689453,1.1194514036178589,1377336772000
52.222288247728464,6.895411242812166,104.71746162649697,6,null,198.2205810546875,1.1335574388504028,1377336773000
52.222275349865924,6.895400243675761,104.60524834891943,6,null,209.89117431640625,1.138993740081787,1377336774000
52.22226322482337,6.895388398606363,104.438884730173,8,null,210.1996307373047,1.1354013681411743,1377336775000
52.22225325649737,6.895376153315477,104.19169916916606,8,null,216.3064422607422,1.1413819789886475,1377336776000
52.222239759695796,6.895368731575591,103.9994087024338,8,null,195.7911376953125,1.1569585800170898,1377336777000
52.222230570925674,6.8953636294874086,103.78248743939776,8,null,198.20745849609375,1.162710428237915,1377336778000
52.22221816079899,6.895356912921185,103.57908753217322,6,null,199.64303588867188,1.1802724599838257,1377336779000
52.222204671337124,6.895347991776049,103.37646801456907,6,null,203.58058166503906,1.1887719631195068,1377336780000
52.22218400776781,6.895340331983619,103.18931509195538,6,null,195.55364990234375,1.1992532014846802,1377336781000
52.22216207730575,6.895336704802351,103.03644759357103,6,null,180.9448699951172,1.2073252201080322,1377336782000
52.222143771094856,6.895332038019179,102.86806201489091,6,null,191.56793212890625,1.2166855335235596,1377336783000
52.22213161323329,6.895323333818935,102.74896554476543,6,null,211.3468780517578,1.2078654766082764,1377336784000
52.222122238443305,6.895314908303562,102.61356734928162,16,null,214.9483642578125,1.1911946535110474,1377336785000
52.2223821,6.8940497,null,1053,null,null,null,1377336784343
52.222114747413706,6.895306906285816,102.49633365272688,8,null,216.1470489501953,1.1802984476089478,1377336786000
52.222102433907324,6.895298358730198,102.39919731656619,8,null,202.578369140625,1.1900008916854858,1377336787000
52.22208968197632,6.895285832835405,102.33423788247816,8,null,207.03468322753906,1.1945444345474243,1377336788000
52.22208371535418,6.895279896605321,102.18320373543045,8,null,201.12705993652344,1.2164840698242188,1377336789000
52.22207682719253,6.89527800758666,102.00085723833722,8,null,177.01956176757812,1.2215665578842163,1377336790000
52.22207118445777,6.89527318864514,101.777115224409,8,null,189.2291717529297,1.2065284252166748,1377336791000
52.22205844783833,6.895266887806899,101.51106547446373,8,null,186.2083740234375,1.2020597457885742,1377336792000
52.22205337657071,6.895259089572571,101.18672995055664,8,null,198.82398986816406,1.199776530265808,1377336793000
52.222046495532176,6.895250226383093,100.81590611673633,8,null,199.50343322753906,1.1979228258132935,1377336794000
52.22203701923466,6.8952396467771635,100.45284677635765,6,null,200.7999267578125,1.1840155124664307,1377336795000
52.22203244439402,6.895230209025909,100.15111914451273,6,null,212.3067169189453,1.1904256343841553,1377336796000
52.22202140967834,6.895216326759047,99.82950078687617,8,null,212.99412536621094,1.188643455505371,1377336797000
52.22201000277039,6.8952022530020205,99.53628443949303,8,null,210.3879852294922,1.2049882411956787,1377336798000
52.222000969515896,6.895189384616654,99.26475990740404,12,null,212.39169311523438,1.202886939048767,1377336799000
52.22199187020684,6.8951801754289574,98.9901920071582,12,null,200.1697540283203,1.2144807577133179,1377336800000
52.22197928187046,6.895168681916996,98.7557302438345,8,null,200.27403259277344,1.226988673210144,1377336801000
52.22196692296378,6.895161065133627,98.53150895904514,6,null,190.05084228515625,1.2314941883087158,1377336802000
52.22195502373365,6.89514792534456,98.33182812820755,8,null,205.40423583984375,1.2290844917297363,1377336803000
52.22194504454976,6.8951324898369695,98.13608793663174,8,null,214.45925903320312,1.2463363409042358,1377336804000
52.221937438702746,6.89512744212666,97.91871276146745,8,null,193.08163452148438,1.2418038845062256,1377336805000
52.2223821,6.8940497,null,1053,null,null,null,1377336804398
52.22192960788008,6.895122937353614,97.71395053565178,8,null,186.09091186523438,1.2441619634628296,1377336806000
52.22192208957155,6.895120904078103,97.43616796697802,6,null,177.07272338867188,1.232766032218933,1377336807000
52.22191723857116,6.89512146882581,97.15892819859307,6,null,170.4120635986328,1.224609136581421,1377336808000
52.22191324294959,6.8951207147948335,96.8697187481962,6,null,175.69883728027344,1.2170960903167725,1377336809000
52.221907095192655,6.895119937716952,96.56151162713435,6,null,181.83372497558594,1.2217236757278442,1377336810000
52.2218983353407,6.895120127793739,96.28057550004304,8,null,182.53732299804688,1.2195285558700562,1377336811000
52.22189003367812,6.8951213142767935,96.00199513009778,8,null,178.29969787597656,1.1987462043762207,1377336812000
52.22188219828658,6.895122406894678,95.74821860784701,8,null,183.21461486816406,1.1995247602462769,1377336813000
52.22187082310153,6.895125222232523,95.55494155258856,8,null,184.98468017578125,1.1963293552398682,1377336814000
52.221861667777134,6.8951250266465625,95.36158580790324,6,null,189.71957397460938,1.190995216369629,1377336815000
52.221850076338164,6.895129595486043,95.1286692464797,6,null,169.6900177001953,1.1686469316482544,1377336816000
52.22183902292257,6.895132928622873,94.88296267916334,6,null,179.6534423828125,1.1515246629714966,1377336817000
52.22182803210913,6.895133331998327,94.60629117223895,6,null,193.98289489746094,1.1308261156082153,1377336818000
52.22181488313607,6.895133877694208,94.31020589834458,6,null,182.7187957763672,1.1158173084259033,1377336819000
52.22180294013742,6.895136293376732,94.01056380158676,6,null,173.6659393310547,1.1010044813156128,1377336820000
52.22178102976917,6.895138684680029,93.79479992260258,8,null,173.80897521972656,1.0983421802520752,1377336821000
52.22176276199589,6.895140284698195,93.61385023670665,8,null,169.04893493652344,1.112380027770996,1377336822000
52.2217487410695,6.895140887606529,93.43247149799035,8,null,168.9789581298828,1.1252477169036865,1377336823000
52.221737109214736,6.89514017980017,93.22192638628306,8,null,176.41458129882812,1.116744041442871,1377336824000
52.22172199179147,6.895139611263307,92.98459282134053,8,null,176.5983123779297,1.1328614950180054,1377336825000
52.2223821,6.8940497,null,1053,null,null,null,1377336824430
52.221709813413746,6.895136922164803,92.77746805034776,8,null,180.41453552246094,1.1687697172164917,1377336826000
52.221695152655776,6.895136561416127,92.55551380355361,8,null,173.67335510253906,1.190658450126648,1377336827000
52.22168166895363,6.895133812970511,92.34301387626434,8,null,176.6318817138672,1.2065188884735107,1377336828000
52.22166535399046,6.895130771231944,92.15842959163398,6,null,180.20164489746094,1.224513292312622,1377336829000
52.22165269325868,6.895127515032087,91.98036677399352,6,null,186.57212829589844,1.204886794090271,1377336830000
52.22164310044254,6.895126172516146,91.86648643401259,6,null,184.03009033203125,1.1966580152511597,1377336831000
52.221628585643,6.895123388255245,91.75185451693604,6,null,186.16224670410156,1.2010198831558228,1377336832000
52.2216158542472,6.895124201852009,91.64284913182132,8,null,178.68524169921875,1.208534836769104,1377336833000
52.22159366018136,6.895124759041209,91.50156633668584,6,null,191.90206909179688,1.20725679397583,1377336835000
52.22157861297159,6.8951227470783705,91.52063780449,6,null,196.5674285888672,1.1941866874694824,1377336836000
52.22156926186236,6.895120934418168,91.59272144030315,6,null,202.98443603515625,1.1730231046676636,1377336837000
52.22156012243385,6.895124430973805,91.61578045525269,6,null,186.8297576904297,1.1556607484817505,1377336838000
52.221550886266144,6.89513335666366,91.67785428490279,8,null,178.3054962158203,1.1278437376022339,1377336839000
52.221541881961556,6.8951412615063346,91.71873717615095,8,null,179.32040405273438,1.094745397567749,1377336840000
52.22153346854323,6.89515087620138,91.67261584989028,8,null,178.83741760253906,1.070677638053894,1377336841000
52.22152563764253,6.895161287546682,91.6410263065772,6,null,180.4005889892578,1.0510098934173584,1377336842000
52.22151629662571,6.895169757376947,91.70184021363245,6,null,183.39393615722656,1.036817193031311,1377336843000
52.22150759116539,6.8951788558339215,91.83442974861946,6,null,177.19061279296875,1.0275498628616333,1377336844000
52.22149948485558,6.895186051951716,92.02480921013607,8,null,177.5758514404297,1.0119343996047974,1377336845000
52.2223821,6.8940497,null,1053,null,null,null,1377336844521
52.221486522939045,6.89519224332238,92.19156139114358,6,null,179.36251831054688,1.0266108512878418,1377336846000
52.221478080712295,6.895197653601672,92.36340503709327,6,null,185.3154754638672,1.0029592514038086,1377336847000
52.221470593664435,6.895203070030844,92.56659647480286,6,null,185.581298828125,0.9831170439720154,1377336848000
52.22145901670669,6.895205204320894,92.7904942024456,6,null,191.88768005371094,0.9871348738670349,1377336849000
52.22144970981477,6.8952069976239425,93.02741187295511,6,null,188.42706298828125,0.9562364816665649,1377336850000
52.22144368266139,6.895208685968893,93.26971280225114,6,null,177.88050842285156,0.916236162185669,1377336851000
52.22144062955883,6.895208905739302,93.28566968600711,6,null,177.88050842285156,0,1377336852000
52.22143877998337,6.895206135865168,93.30946684816962,6,null,177.88050842285156,0,1377336853000
52.2214346145146,6.895200901685632,93.33550317979436,8,null,177.88050842285156,0,1377336854000
52.22142615422369,6.895186043136367,93.5551013447944,8,null,221.7982940673828,0.580967366695404,1377336855000
52.22142050266983,6.895175051342008,93.57219156728156,6,null,221.7982940673828,0,1377336856000
52.22141601843481,6.895166821487673,93.5925334088021,8,null,221.7982940673828,0,1377336857000
52.22141558201226,6.895162085147161,93.83526478625984,8,null,15.697097778320312,0.3379666209220886,1377336858000
52.22141254324496,6.895157716225001,93.85589906918597,6,null,15.697097778320312,0,1377336859000
52.221413175230545,6.895155776321741,94.10456519231221,6,null,7.119079113006592,0.3293967843055725,1377336860000
52.22141270904482,6.895157020638317,94.12569341694015,6,null,7.119079113006592,0,1377336861000
52.2214134560349,6.8951622487961375,94.14723960986537,12,null,7.119079113006592,0,1377336862000
52.221414912056886,6.895167287602841,94.16857250294717,8,null,7.119079113006592,0,1377336863000
52.22141677802371,6.895171505914177,94.18946315705813,8,null,7.119079113006592,0,1377336864000
52.22141799751898,6.895175201227834,94.20251162573047,8,null,7.119079113006592,0,1377336865000
52.2223821,6.8940497,null,1053,null,null,null,1377336864538
52.22141888639617,6.895178269873042,94.21194507550844,4,null,7.119079113006592,0,1377336866000
52.221418510983845,6.895180516144298,94.21271372906489,6,null,7.119079113006592,0,1377336867000
52.22142100475585,6.89518610623028,94.34165979045943,6,null,36.438560485839844,0.34578636288642883,1377336868000
52.22142302869917,6.895190824861174,94.46606640216352,6,null,36.30034637451172,0.2840809226036072,1377336869000
52.221425314708,6.895196666311518,94.63146357843407,8,null,44.91710662841797,0.40181663632392883,1377336870000
52.22142552679377,6.895197867672462,94.6460403391345,6,null,44.91710662841797,0,1377336871000
52.22142714039297,6.895202927519509,94.79216535163232,6,null,67.16614532470703,0.3632274270057678,1377336872000
52.22142755988681,6.895202582807251,94.81059528495706,8,null,67.16614532470703,0,1377336873000
52.22142768157733,6.895202377833989,94.83327709241675,8,null,67.16614532470703,0,1377336874000
52.221428218950734,6.895201302126537,94.8585498163677,8,null,67.16614532470703,0,1377336875000
52.22142872525033,6.895200378497619,94.88264986387594,8,null,67.16614532470703,0,1377336876000
52.22142925581471,6.895199995124519,94.9061618525377,6,null,67.16614532470703,0,1377336877000
52.22142981878754,6.895200365552575,94.92914949591753,6,null,67.16614532470703,0,1377336878000
52.22143038138274,6.8952011023330835,94.9483687589789,6,null,67.16614532470703,0,1377336879000
52.221427118371864,6.895234065138062,95.27566982270604,4,null,21.06098747253418,0.412668913602829,1377336887000
52.22143249693951,6.895248004902096,95.48259558325194,6,null,20.204267501831055,0.860007107257843,1377336888000
52.221435565652726,6.895260019272927,95.69427657596759,6,null,20.14059066772461,0.7154786586761475,1377336889000
52.2214342470574,6.895266563264057,95.71421293830805,6,null,20.14059066772461,0,1377336890000
52.22143393883708,6.8952711575738235,95.73531906385718,6,null,20.14059066772461,0,1377336891000
52.22143438013973,6.8952744785830244,95.75379444019352,4,null,20.14059066772461,0,1377336892000
52.221434308788204,6.895276319902613,95.77048980057621,4,null,20.14059066772461,0,1377336893000
52.22143401490964,6.8952762116044735,95.79096836193155,4,null,20.14059066772461,0,1377336894000
52.22143377255053,6.8952749577700985,95.81378873875666,4,null,20.14059066772461,0,1377336895000
52.221433626365275,6.895273074345698,95.83925769024589,6,null,20.14059066772461,0,1377336896000
52.221433264701986,6.895271475494874,95.86355414804558,4,null,20.14059066772461,0,1377336897000
52.221433332306475,6.8952703714957035,95.88997026456298,4,null,20.14059066772461,0,1377336898000
52.221434143615724,6.895270166362377,95.91623076743187,4,null,20.14059066772461,0,1377336899000
52.22143576053006,6.895271364106794,95.94033086588742,6,null,20.14059066772461,0,1377336900000
52.221437641158154,6.895273015474961,95.96184227196557,4,null,20.14059066772461,0,1377336901000
52.2223821,6.8940497,null,1053,null,null,null,1377336900646
52.22143954142957,6.895274709745365,95.98201856247138,8,null,20.14059066772461,0,1377336902000
52.221441333966574,6.895276902472334,96.00111934810506,4,null,20.14059066772461,0,1377336903000
52.22144286977491,6.8952781890279855,96.02215596183872,6,null,20.14059066772461,0,1377336904000
