Latitude,Longitude,Altitude,Accuracy,Altitude Accuracy,Heading,Speed,Timestamp
52.21754094120115,6.899318257346749,91.60000000000002,5,null,46.06999969482422,0.5,1377337876000
52.217585323378444,6.899336110800505,87.79999999999995,5,null,20.780000686645508,0.875,1377337882000
52.21762429922819,6.899353042244911,87.39999999999998,5,null,6.409999847412109,0.8125,1377337886000
52.21767224371433,6.899347677826881,84.70000000000005,5,null,2.569999933242798,0.8125,1377337893000
52.21771163865924,6.899320436641574,85.5,5,null,343.1199951171875,0.75,1377337903000
52.21774525009096,6.89930853433907,84.39999999999998,5,null,0.3400000035762787,1.1875,1377337906000
52.21778317820281,6.899295039474964,84.10000000000002,5,null,337.57000732421875,0.875,1377337910000
52.21780949737877,6.899274084717035,84.60000000000002,5,null,316.3699951171875,0.75,1377337914000
52.217840678058565,6.899252627044916,85.29999999999995,5,null,343.79998779296875,0.6875,1377337919000
