Latitude,Longitude,Altitude,Accuracy,Altitude Accuracy,Heading,Speed,Timestamp
52.218775427900255,6.896826149895787,88.89999999999998,5,null,263.45001220703125,1,1377338979000
52.21877496689558,6.896776696667075,87.29999999999995,5,null,279.3800048828125,0.9375,1377338982000
52.21876696217805,6.896737888455391,87.10000000000002,5,null,260.3999938964844,1.3125,1377338984000
52.21875958610326,6.896681310608983,87.70000000000005,5,null,269.5400085449219,1.3125,1377338987000
52.21877287141979,6.896499088034034,86.20000000000005,5,null,283.2900085449219,1.4375,1377338996000
52.21876239404082,6.896449215710163,87.20000000000005,5,null,263.8599853515625,0.9375,1377338998000
52.21871780231595,6.896354835480452,82.79999999999995,10,null,204.72000122070312,0.5625,1377339014000
52.21866977401078,6.896387608721852,80.20000000000005,5,null,171.49000549316406,0.75,1377339016000
52.21862262580544,6.896398086100817,80,5,null,186.05999755859375,0.8125,1377339019000
