Latitude,Longitude,Altitude,Accuracy,Altitude Accuracy,Heading,Speed,Timestamp
52.22076416015625,6.895937919616699,146,5.8008623123168945,null,3.0926513671875,0.3055616617202759,1377337903000
52.22077178955078,6.895959377288818,145,5.640035629272461,null,358.890380859375,0.9004115462303162,1377337904000
52.22078323364258,6.895959377288818,144,5.280151844024658,null,352.7874755859375,0.7684246897697449,1377337905000
52.22077178955078,6.895959377288818,143,4.686150074005127,null,346.1737060546875,0.8808038234710693,1377337906000
52.22078323364258,6.895959377288818,143,4.110960960388184,null,348.7335205078125,0.9007994532585144,1377337907000
52.22078323364258,6.895959377288818,143,3.612478494644165,null,350.6781005859375,0.9106964468955994,1377337908000
52.22078323364258,6.895959377288818,143,3.471311092376709,null,334.0338134765625,0.9690380096435547,1377337909000
52.220794677734375,6.8959808349609375,143,3.471311092376709,null,338.7799072265625,0.9805034399032593,1377337910000
52.220794677734375,6.895959377288818,142,3.2557642459869385,null,340.8233642578125,0.9988542199134827,1377337911000
52.22080612182617,6.8959808349609375,141,3.330165147781372,null,337.796630859375,0.5951018929481506,1377337912000
52.22081756591797,6.8959808349609375,138,3.2015621662139893,null,337.74169921875,1.0002518892288208,1377337914000
52.22081756591797,6.895959377288818,135,3.1890439987182617,null,329.17236328125,0.7117969393730164,1377337916000
52.220829010009766,6.8959808349609375,133,3.1240999698638916,null,330.09521484375,0.5810462236404419,1377337917000
52.220829010009766,6.895959377288818,131,2.7658634185791016,null,286.23779296875,0.6477450132369995,1377337918000
52.2208366394043,6.895959377288818,135,2.7018513679504395,null,293.4063720703125,0.6432361006736755,1377337920000
52.2208366394043,6.895959377288818,135,2.580697774887085,null,0,0.4272526204586029,1377337921000
52.2208366394043,6.895937919616699,135,2.580697774887085,null,260.716552734375,0.6473854780197144,1377337922000
52.220829010009766,6.895937919616699,135,2.5,null,296.455078125,0.6824041604995728,1377337924000
52.220829010009766,6.89591646194458,135,2.7658634185791016,null,277.6080322265625,0.4145289659500122,1377337931000
52.220829010009766,6.895873546600342,129,2.6907248497009277,null,281.3214111328125,0.44904065132141113,1377337937000
52.2208366394043,6.895852088928223,126,2.475883722305298,null,277.822265625,0.753276526927948,1377337938000
52.2208366394043,6.8958306312561035,125,2.4083189964294434,null,270.4449462890625,0.885023295879364,1377337939000
52.2208366394043,6.8958306312561035,123,2.1260292530059814,null,274.4000244140625,0.9327993392944336,1377337940000
52.2208366394043,6.895809173583984,121,2.051828384399414,null,272.30712890625,0.8855493068695068,1377337941000
52.2208366394043,6.895787715911865,120,1.9849433898925781,null,285.0897216796875,0.7549747228622437,1377337942000
52.220848083496094,6.895787715911865,119,1.9104973077774048,null,277.3828125,0.6454042792320251,1377337943000
52.220848083496094,6.895766258239746,117,1.8439089059829712,null,275.4327392578125,0.8123189806938171,1377337944000
52.220848083496094,6.895744800567627,116,1.8439089059829712,null,293.719482421875,0.6491812467575073,1377337945000
52.220848083496094,6.895723342895508,112,2.0615530014038086,null,170.4913330078125,0.6497189998626709,1377337947000
52.220829010009766,6.895723342895508,111,2.0615530014038086,null,235.9368896484375,0.812605619430542,1377337948000
52.220829010009766,6.895701885223389,110,2.1400935649871826,null,266.8524169921875,0.8862063884735107,1377337949000
52.220829010009766,6.8956804275512695,108,2.4413111209869385,null,247.5604248046875,0.8416011333465576,1377337950000
52.220829010009766,6.89565896987915,105,2.469817876815796,null,287.2430419921875,0.8930113911628723,1377337952000
52.2208366394043,6.895637512207031,104,2.469817876815796,null,239.39208984375,0.8611551523208618,1377337953000
52.2208366394043,6.895616054534912,104,2.418677568435669,null,271.9610595703125,0.8546414375305176,1377337954000
52.2208366394043,6.895594596862793,105,2.332380771636963,null,251.444091796875,0.9313005208969116,1377337955000
52.2208366394043,6.895573139190674,105,2.1633307933807373,null,231.8170166015625,0.8579045534133911,1377337956000
52.220829010009766,6.895573139190674,106,2,null,246.1376953125,0.7453528642654419,1377337957000
52.22081756591797,6.895551681518555,107,2,null,268.3740234375,0.9309253692626953,1377337958000
52.220829010009766,6.8955302238464355,107,2.1400935649871826,null,259.6234130859375,0.8052658438682556,1377337960000
52.2208366394043,6.895508766174316,107,2.0808651447296143,null,247.3736572265625,0.7453528642654419,1377337961000
52.2208366394043,6.895508766174316,107,2,null,221.429443359375,0.9402579069137573,1377337962000
52.220829010009766,6.895508766174316,106,1.9209372997283936,null,221.4788818359375,0.9402579069137573,1377337963000
52.220829010009766,6.895487308502197,106,1.8601075410842896,null,222.1490478515625,0.993595540523529,1377337964000
52.22081756591797,6.895487308502197,105,1.8601075410842896,null,276.2347412109375,1.0279191732406616,1377337965000
52.22081756591797,6.895465850830078,104,1.8601075410842896,null,260.0738525390625,0.7124509215354919,1377337966000
52.22080612182617,6.895465850830078,103,1.9416488409042358,null,227.109375,0.7020808458328247,1377337967000
52.22080612182617,6.895444393157959,101,2,null,259.25537109375,0.559613049030304,1377337968000
52.22080612182617,6.895444393157959,99,1.9416488409042358,null,155.5224609375,0.601135790348053,1377337969000
52.220829010009766,6.89542293548584,98,1.8601075410842896,null,350.3155517578125,0.539487898349762,1377337972000
52.220924377441406,6.895380020141602,83,10.031949043273926,null,0,0,1377338027000
52.220890045166016,6.895380020141602,88,7.854935169219971,null,0,0,1377338031000
52.220890045166016,6.895380020141602,92,7.752419471740723,null,0,0,1377338033000
52.220890045166016,6.895380020141602,92,4.338202476501465,null,0,0,1377338034000
52.220890045166016,6.895380020141602,92,3.1780500411987305,null,0,0,1377338035000
52.220890045166016,6.895380020141602,92,2.773084878921509,null,0,0,1377338036000
52.220890045166016,6.895380020141602,92,2.5495097637176514,null,0,0,1377338037000
52.220890045166016,6.895380020141602,92,2.2825424671173096,null,0,0,1377338038000
52.220890045166016,6.895380020141602,92,2.1954498291015625,null,0,0,1377338039000
52.220890045166016,6.895380020141602,92,2.1095023155212402,null,0,0,1377338040000
52.220890045166016,6.895380020141602,91,2.024845838546753,null,0,0,1377338041000
52.220890045166016,6.895380020141602,91,1.886796236038208,null,0,0,1377338042000
52.220890045166016,6.895380020141602,91,1.8027756214141846,null,0,0,1377338066000
52.220890045166016,6.895380020141602,91,1.5811388492584229,null,0,0,1377338067000
52.220890045166016,6.895380020141602,91,1.5,null,0,0,1377338069000
52.220890045166016,6.895380020141602,91,1.421267032623291,null,0,0,1377338085000
52.22087097167969,6.895358562469482,88,1.5,null,194.2877197265625,0.7549747228622437,1377338091000
52.22085952758789,6.895358562469482,88,1.3601471185684204,null,201.7254638671875,1.0002518892288208,1377338092000
52.220848083496094,6.895358562469482,88,1.3601471185684204,null,191.49169921875,0.7152234315872192,1377338093000
52.2208366394043,6.895358562469482,87,1.3601471185684204,null,205.9881591796875,0.7302043437957764,1377338094000
52.220829010009766,6.895337104797363,87,1.421267032623291,null,231.712646484375,0.9556095600128174,1377338096000
52.22081756591797,6.895337104797363,87,1.7029386758804321,null,220.1385498046875,0.4337429106235504,1377338101000
52.220829010009766,6.895337104797363,87,1.6401219367980957,null,93.36181640625,0.42752501368522644,1377338108000
52.22081756591797,6.895337104797363,87,1.780449390411377,null,0,0,1377338111000
52.220741271972656,6.895294189453125,80,8.823265075683594,null,0,0,1377338116000
52.220741271972656,6.895294189453125,80,5.966573238372803,null,0,0,1377338117000
52.220741271972656,6.895294189453125,80,3.720215082168579,null,0,0,1377338118000
52.220741271972656,6.895294189453125,80,3.440930128097534,null,0,0,1377338119000
52.220741271972656,6.895294189453125,80,3.413209915161133,null,0,0,1377338120000
52.220741271972656,6.895294189453125,80,3.3615474700927734,null,0,0,1377338126000
52.22072982788086,6.895294189453125,82,3.0528676509857178,null,312.5830078125,0,1377338127000
52.220741271972656,6.895272731781006,83,2.745906114578247,null,308.9410400390625,0,1377338128000
52.22075271606445,6.895272731781006,83,2.4413111209869385,null,319.6856689453125,0.6057658791542053,1377338129000
52.22076416015625,6.895251274108887,83,2.220360517501831,null,313.8134765625,0.885023295879364,1377338130000
52.22077178955078,6.895229816436768,84,2.0808651447296143,null,309.111328125,0.7387635707855225,1377338131000
52.22077178955078,6.895229816436768,84,2,null,0,0.3051804304122925,1377338132000
52.22077178955078,6.895251274108887,85,1.8601075410842896,null,134.2144775390625,0.7445715069770813,1377338134000
52.22077178955078,6.895272731781006,85,1.8601075410842896,null,120.5859375,0.7381330132484436,1377338135000
52.22077178955078,6.895272731781006,85,1.780449390411377,null,0,0,1377338142000
52.22077178955078,6.895272731781006,85,1.720465064048767,null,0,0,1377338144000
52.22077178955078,6.895251274108887,85,1.720465064048767,null,264.9957275390625,0,1377338146000
52.22078323364258,6.895251274108887,86,1.720465064048767,null,306.36474609375,0,1377338147000
52.22078323364258,6.895251274108887,86,1.6401219367980957,null,0,0.4272526204586029,1377338148000
52.22077178955078,6.895251274108887,85,1.6401219367980957,null,171.6943359375,0.4920886754989624,1377338151000
52.22075271606445,6.895229816436768,84,1.8439089059829712,null,176.2921142578125,0.6873338222503662,1377338154000
52.220741271972656,6.895229816436768,84,1.7691806554794312,null,184.5867919921875,0.7653886675834656,1377338155000
52.22072982788086,6.895229816436768,85,1.9104973077774048,null,173.0950927734375,0.5375422239303589,1377338157000
52.22071838378906,6.895229816436768,85,1.8439089059829712,null,171.6064453125,0,1377338163000
52.22071075439453,6.895229816436768,85,1.7691806554794312,null,173.2708740234375,0,1377338164000
52.22068786621094,6.895208358764648,85,1.7691806554794312,null,149.337158203125,0.6700083017349243,1377338166000
52.22067642211914,6.895229816436768,85,1.6970562934875488,null,148.1011962890625,0.7537400722503662,1377338167000
52.220664978027344,6.895229816436768,85,1.6278821229934692,null,149.4415283203125,0.4448730945587158,1377338172000
52.22065734863281,6.895251274108887,87,1.6278821229934692,null,131.0394287109375,0.5512288808822632,1377338174000
52.22052764892578,6.895251274108887,99,8.209750175476074,null,0,0.442511647939682,1377338183000
52.22052764892578,6.895315647125244,99,7.121797561645508,null,132.2259521484375,0.45368334650993347,1377338184000
52.22053909301758,6.895294189453125,95,4.891829967498779,null,144.84375,0.6013293862342834,1377338185000
52.22053909301758,6.895294189453125,95,4.045985698699951,null,0,0,1377338186000
52.22053909301758,6.895294189453125,95,3.6878178119659424,null,0,0.3814755380153656,1377338187000
52.22053909301758,6.895294189453125,95,3.4828150272369385,null,0,0.4119935929775238,1377338188000
52.22053909301758,6.895315647125244,96,3.1240999698638916,null,152.9296875,0.4094425439834595,1377338189000
52.22052764892578,6.895337104797363,96,2.920616388320923,null,172.9302978515625,0.3993667960166931,1377338190000
52.22052764892578,6.895358562469482,95,2.7018513679504395,null,182.3016357421875,0.671570360660553,1377338191000
52.220516204833984,6.895337104797363,96,2.420743703842163,null,153.5394287109375,0.7165244221687317,1377338192000
52.220516204833984,6.895358562469482,96,2.3430750370025635,null,141.5533447265625,0.946182370185852,1377338193000
52.22050476074219,6.895380020141602,96,2.2022714614868164,null,147.06298828125,0.9480262398719788,1377338194000
52.22049331665039,6.895380020141602,95,2.0615530014038086,null,150.1007080078125,0.9633749723434448,1377338195000
52.22049331665039,6.895401477813721,94,2.0615530014038086,null,172.957763671875,0.8611551523208618,1377338196000
52.22048568725586,6.895401477813721,94,1.9849433898925781,null,150.413818359375,0.9501115679740906,1377338197000
52.22048568725586,6.895401477813721,93,1.9209372997283936,null,151.226806640625,0.9559749960899353,1377338198000
52.22047424316406,6.89542293548584,94,1.8439089059829712,null,155.4510498046875,1.003969430923462,1377338199000
52.220462799072266,6.89542293548584,92,1.8439089059829712,null,158.2855224609375,0.821723461151123,1377338201000
52.22045135498047,6.89542293548584,91,1.8439089059829712,null,147.3870849609375,0.9947665333747864,1377338202000
52.22043991088867,6.89542293548584,91,1.8439089059829712,null,142.62451171875,0.7173363566398621,1377338203000
52.220428466796875,6.89542293548584,91,1.8439089059829712,null,171.4471435546875,0.7250846028327942,1377338204000
52.22040939331055,6.89542293548584,89,1.9104973077774048,null,156.0772705078125,0.7313195466995239,1377338207000
52.22039794921875,6.89542293548584,88,1.8384777307510376,null,154.248046875,0.9282954931259155,1377338208000
52.22038650512695,6.895444393157959,89,1.8384777307510376,null,153.5614013671875,0.9553658962249756,1377338209000
52.22038650512695,6.895444393157959,89,1.7691806554794312,null,150.0677490234375,0.9709582924842834,1377338210000
52.220375061035156,6.895465850830078,89,1.7691806554794312,null,155.0830078125,1.003969430923462,1377338211000
52.220367431640625,6.895465850830078,89,1.6970562934875488,null,153.599853515625,0.7780604958534241,1377338212000
52.22035598754883,6.895487308502197,89,1.6970562934875488,null,153.3251953125,0.9076232314109802,1377338213000
52.22035598754883,6.895487308502197,89,1.6278821229934692,null,162.8997802734375,0.9704785943031311,1377338214000
52.220333099365234,6.895487308502197,89,1.6278821229934692,null,152.7593994140625,0.9964036345481873,1377338215000
52.22032165527344,6.895508766174316,90,1.6278821229934692,null,159.752197265625,1.003853440284729,1377338216000
52.220314025878906,6.8955302238464355,91,1.6278821229934692,null,176.6436767578125,0.7795553207397461,1377338217000
52.220314025878906,6.8955302238464355,91,1.5620499849319458,null,155.89599609375,1.236357569694519,1377338218000
52.22030258178711,6.8955302238464355,90,1.5620499849319458,null,155.3192138671875,0.9900741577148438,1377338219000
52.22029113769531,6.8955302238464355,90,1.5620499849319458,null,164.4873046875,0.8698980808258057,1377338220000
52.220279693603516,6.8955302238464355,90,1.6278821229934692,null,150.205078125,0.8611551523208618,1377338221000
52.22026824951172,6.8955302238464355,91,1.9104973077774048,null,143.876953125,0.9951175451278687,1377338222000
52.22024917602539,6.8955302238464355,91,1.9104973077774048,null,152.07275390625,1.051101803779602,1377338224000
52.220237731933594,6.895551681518555,90,1.9104973077774048,null,154.6820068359375,1.1126537322998047,1377338225000
52.2202262878418,6.895551681518555,90,1.7691806554794312,null,151.8585205078125,1.1264837980270386,1377338226000
52.22021484375,6.895551681518555,90,1.7691806554794312,null,143.140869140625,0.7538945078849792,1377338227000
52.2202033996582,6.895573139190674,89,1.9104973077774048,null,162.1636962890625,0.8156086206436157,1377338228000
52.220184326171875,6.895594596862793,88,1.9104973077774048,null,152.1771240234375,0.7234771847724915,1377338231000
52.22017288208008,6.895594596862793,88,1.9104973077774048,null,149.677734375,0.9028648138046265,1377338232000
52.22016143798828,6.895594596862793,88,1.9104973077774048,null,166.4373779296875,0.9252806901931763,1377338233000
52.220149993896484,6.895594596862793,88,1.9104973077774048,null,149.710693359375,0.9292982220649719,1377338234000
52.220149993896484,6.895616054534912,88,1.9104973077774048,null,159.9609375,0.9217510223388672,1377338235000
52.22011947631836,6.895616054534912,88,1.9104973077774048,null,149.6337890625,0.9841773509979248,1377338237000
52.22011947631836,6.895637512207031,87,1.9104973077774048,null,150.1226806640625,0.9841773509979248,1377338238000
52.22010803222656,6.895637512207031,87,1.9849433898925781,null,156.104736328125,0.9978047013282776,1377338239000
52.220096588134766,6.89565896987915,86,1.9849433898925781,null,157.6483154296875,0.8897462487220764,1377338240000
52.22008514404297,6.8956804275512695,86,1.9849433898925781,null,161.1968994140625,0.9988542199134827,1377338242000
52.22006607055664,6.895701885223389,86,1.9849433898925781,null,152.2760009765625,0.9964036345481873,1377338244000
52.21982955932617,6.8958306312561035,117,10.234256744384766,null,179.5111083984375,0.5188067555427551,1377338254000
52.21989440917969,6.895852088928223,113,8.820430755615234,null,167.32177734375,0.5478392839431763,1377338255000
52.219852447509766,6.895852088928223,114,6.276942253112793,null,207.4932861328125,0.6005544662475586,1377338256000
52.219852447509766,6.895852088928223,114,4.326661586761475,null,0,0.3814755380153656,1377338257000
52.21984100341797,6.895852088928223,114,3.535534143447876,null,176.7425537109375,0.503778874874115,1377338258000
52.21982955932617,6.895873546600342,111,3.001666307449341,null,158.170166015625,0.5554367899894714,1377338259000
52.219818115234375,6.895895004272461,112,2.6419689655303955,null,130.27587890625,0.6720902323722839,1377338260000
52.21980667114258,6.895895004272461,111,2.555386543273926,null,167.3162841796875,0.6703557372093201,1377338261000
52.21978759765625,6.895895004272461,112,2.6076810359954834,null,139.1693115234375,0.6272924542427063,1377338262000
52.21977615356445,6.895895004272461,112,2.52388596534729,null,163.45458984375,0.6665241122245789,1377338264000
52.21974182128906,6.895895004272461,112,2.3853721618652344,null,172.24365234375,0.7381330132484436,1377338266000
52.21974182128906,6.89591646194458,111,2.247220516204834,null,171.8975830078125,0.8460161089897156,1377338267000
52.219722747802734,6.89591646194458,110,2.220360517501831,null,149.886474609375,0.6151108145713806,1377338269000
52.21971130371094,6.895937919616699,110,2.220360517501831,null,143.822021484375,0.5676684379577637,1377338270000
52.21969985961914,6.895959377288818,109,2.0615530014038086,null,171.046142578125,0.6171892285346985,1377338271000
52.21968078613281,6.895959377288818,106,2.280350923538208,null,0,0,1377338275000
52.219669342041016,6.8959808349609375,104,2.280350923538208,null,215.0958251953125,0.558780312538147,1377338276000
52.21965789794922,6.895959377288818,103,2.280350923538208,null,198.6822509765625,0.6272923946380615,1377338277000
52.21964645385742,6.895959377288818,102,2.0615530014038086,null,197.314453125,0.6226353645324707,1377338278000
52.21964645385742,6.895959377288818,100,1.9849433898925781,null,178.0828857421875,0.7020808458328247,1377338279000
52.219627380371094,6.8959808349609375,99,1.8439089059829712,null,161.2078857421875,0.791412353515625,1377338280000
52.2196159362793,6.8959808349609375,99,1.7691806554794312,null,143.6517333984375,0.8728373646736145,1377338281000
52.2195930480957,6.8959808349609375,100,1.7691806554794312,null,165.4156494140625,1.1028801202774048,1377338282000
52.21956253051758,6.8959808349609375,101,1.7691806554794312,null,164.388427734375,0.9662708640098572,1377338283000
52.21955108642578,6.8959808349609375,100,1.7691806554794312,null,167.1240234375,0.5478392839431763,1377338284000
52.219539642333984,6.896002292633057,101,1.7691806554794312,null,165.267333984375,0.8030943274497986,1377338285000
52.21952819824219,6.896002292633057,101,1.6278821229934692,null,177.3797607421875,0.5952974557876587,1377338286000
52.21950912475586,6.896002292633057,102,1.7691806554794312,null,178.9837646484375,0.8087281584739685,1377338287000
52.21949768066406,6.896002292633057,101,1.7691806554794312,null,152.6495361328125,0.7370281219482422,1377338288000
52.219486236572266,6.896002292633057,101,1.7691806554794312,null,163.3831787109375,0.5890061855316162,1377338289000
52.21947479248047,6.896002292633057,100,1.6970562934875488,null,166.7779541015625,0.7365541458129883,1377338291000
52.21946334838867,6.896002292633057,100,1.6970562934875488,null,163.2403564453125,0.748314619064331,1377338292000
52.219444274902344,6.896023750305176,99,1.6970562934875488,null,152.0947265625,0.8464288115501404,1377338294000
52.21943283081055,6.896023750305176,100,1.6970562934875488,null,178.3026123046875,1.0072109699249268,1377338295000
52.21942138671875,6.896045207977295,101,1.7691806554794312,null,176.5997314453125,0.8404937386512756,1377338296000
52.21940994262695,6.896045207977295,101,1.7691806554794312,null,171.7877197265625,0.7703917026519775,1377338298000
52.219398498535156,6.896045207977295,100,1.9104973077774048,null,146.4642333984375,0.8379968404769897,1377338299000
52.21937942504883,6.896066665649414,100,1.9849433898925781,null,151.72119140625,0.7988793849945068,1377338300000
52.21936798095703,6.896066665649414,100,1.9849433898925781,null,183.8232421875,0.595883846282959,1377338301000
52.219356536865234,6.896088123321533,99,1.9209372997283936,null,170.83740234375,0.6949140429496765,1377338302000
52.219337463378906,6.896109580993652,98,2.420743703842163,null,158.53271484375,0.7055544257164001,1377338304000
52.21931457519531,6.896109580993652,99,2.3430750370025635,null,146.4312744140625,0.6940758228302002,1377338305000
52.219303131103516,6.8961310386657715,99,2.2022714614868164,null,128.1170654296875,0.8150374889373779,1377338306000
52.219303131103516,6.896152496337891,99,2.420743703842163,null,126.793212890625,0.7294067740440369,1377338308000
52.21929168701172,6.89617395401001,100,2.720294237136841,null,173.3807373046875,0.690881609916687,1377338309000
52.21928405761719,6.896195411682129,100,2.720294237136841,null,195.5126953125,0.7254056334495544,1377338310000
52.21927261352539,6.89617395401001,99,2.580697774887085,null,158.5107421875,0.7340208292007446,1377338311000
52.21927261352539,6.896195411682129,98,2.580697774887085,null,135.2197265625,0.6689649820327759,1377338312000
52.219261169433594,6.89617395401001,98,2.580697774887085,null,256.1407470703125,0.5662310719490051,1377338313000
52.2192497253418,6.89617395401001,97,2.4413111209869385,null,159.63134765625,0.5645838379859924,1377338315000
52.2192497253418,6.89617395401001,97,2.3600847721099854,null,0,0,1377338316000
52.2192497253418,6.89617395401001,98,2.302172899246216,null,176.1602783203125,0.5654080510139465,1377338317000
52.21923828125,6.896195411682129,98,2.4413111209869385,null,175.8416748046875,0.5501719117164612,1377338318000
52.21923828125,6.896195411682129,98,2.3853721618652344,null,0,0,1377338320000
52.21923828125,6.896216869354248,99,2.3853721618652344,null,184.1802978515625,0.5501719117164612,1377338321000
52.2192268371582,6.896195411682129,98,2.3853721618652344,null,185.5645751953125,0.5512288808822632,1377338322000
52.219207763671875,6.896216869354248,98,2.1633307933807373,null,178.8409423828125,0.5340657830238342,1377338323000
52.21918487548828,6.896195411682129,98,2.024845838546753,null,176.605224609375,0.5806453227996826,1377338325000
52.21918487548828,6.896216869354248,98,2.024845838546753,null,0,0.2899214029312134,1377338328000
52.219154357910156,6.896238327026367,95,2.302172899246216,null,145.6292724609375,0.37252020835876465,1377338334000
52.21913146972656,6.896238327026367,95,2.3600847721099854,null,184.06494140625,0.6111233234405518,1377338336000
52.219112396240234,6.896238327026367,94,2.4839484691619873,null,163.773193359375,0.6959185004234314,1377338337000
52.21908950805664,6.896238327026367,93,2.3430750370025635,null,191.414794921875,0.7302044034004211,1377338338000
52.219078063964844,6.896238327026367,92,2.2022714614868164,null,168.299560546875,0.7930288314819336,1377338339000
52.218597412109375,6.896538734436035,119,13.862178802490234,null,288.5009765625,0.6080676913261414,1377338412000
52.218563079833984,6.896474361419678,121,13.254810333251953,null,0,0,1377338413000
52.21849822998047,6.896452903747559,119,12.580143928527832,null,177.176513671875,0.7788082361221313,1377338415000
52.21843338012695,6.896495819091797,109,9.63846492767334,null,0,0,1377338417000
52.21840286254883,6.896517276763916,116,7.443117618560791,null,162.037353515625,0.7865429520606995,1377338418000
52.218379974365234,6.896538734436035,116,5.55697774887085,null,166.0418701171875,0.9881910085678101,1377338419000
52.21833801269531,6.896560192108154,114,4.081666469573975,null,157.7032470703125,0.9180809855461121,1377338420000
52.21829605102539,6.896560192108154,108,3.0232434272766113,null,163.212890625,0.9851232171058655,1377338421000
52.21829605102539,6.896560192108154,108,2.5,null,180.8074951171875,0.6256198883056641,1377338422000
52.218284606933594,6.896581649780273,110,2.220360517501831,null,168.782958984375,0.97860187292099,1377338423000
52.2182731628418,6.896603107452393,113,1.9416488409042358,null,186.317138671875,0.5512288808822632,1377338424000
52.2182731628418,6.896603107452393,112,1.8027756214141846,null,166.26708984375,0.5662310719490051,1377338425000
52.2182731628418,6.896624565124512,111,1.886796236038208,null,172.2052001953125,0.8308814167976379,1377338427000
52.21824264526367,6.896624565124512,108,2.024845838546753,null,172.5732421875,0.6757180094718933,1377338430000
52.21824264526367,6.896624565124512,107,1.9416488409042358,null,0,0.3051804304122925,1377338431000
52.218231201171875,6.896624565124512,106,1.9416488409042358,null,182.9718017578125,0.6263638138771057,1377338433000
52.21820831298828,6.896603107452393,106,1.9416488409042358,null,168.5137939453125,0.6852983236312866,1377338434000
52.21818923950195,6.896560192108154,104,3.2015621662139893,null,292.2967529296875,0.4930340647697449,1377338439000
52.21818923950195,6.896538734436035,103,3.140063524246216,null,290.7421875,0.5697155594825745,1377338440000
52.21818923950195,6.896517276763916,101,2.860069990158081,null,301.9482421875,0.6437788605690002,1377338441000
52.21818923950195,6.896495819091797,101,2.720294237136841,null,304.4970703125,0.7575916051864624,1377338442000
52.218177795410156,6.896474361419678,100,2.580697774887085,null,281.282958984375,0.7752124071121216,1377338443000
52.218177795410156,6.896452903747559,100,2.3600847721099854,null,270.736083984375,0.7324330806732178,1377338444000
52.218177795410156,6.896452903747559,100,2.220360517501831,null,0,0,1377338445000
52.218177795410156,6.896452903747559,100,2,null,354.39697265625,0.596859872341156,1377338446000
52.218177795410156,6.896452903747559,100,1.8601075410842896,null,0,0,1377338447000
52.218177795410156,6.896452903747559,100,1.780449390411377,null,0,0,1377338448000
52.21816635131836,6.896452903747559,99,1.8601075410842896,null,267.890625,0.3814755380153656,1377338453000
52.218177795410156,6.8964314460754395,99,1.8601075410842896,null,274.251708984375,0.4587867856025696,1377338455000
52.218177795410156,6.89640998840332,100,1.8601075410842896,null,284.337158203125,0.5810462832450867,1377338456000
52.218177795410156,6.89640998840332,99,1.780449390411377,null,279.591064453125,0.6346725821495056,1377338457000
52.218177795410156,6.896388530731201,99,1.780449390411377,null,253.048095703125,0.5701241493225098,1377338458000
52.21816635131836,6.896367073059082,99,1.780449390411377,null,267.9290771484375,0.6410605311393738,1377338459000
52.21816635131836,6.896345615386963,99,1.780449390411377,null,270.24169921875,0.7171740531921387,1377338460000
52.21815490722656,6.896345615386963,99,1.780449390411377,null,281.5081787109375,0.7451966404914856,1377338461000
52.21815490722656,6.896324157714844,98,1.780449390411377,null,258.7225341796875,0.700254499912262,1377338462000
52.21815490722656,6.896302700042725,98,1.8439089059829712,null,273.9166259765625,0.7643231749534607,1377338463000
52.21815490722656,6.8962812423706055,97,1.9209372997283936,null,265.0067138671875,1.0099812746047974,1377338464000
52.21815490722656,6.896238327026367,96,2,null,286.666259765625,1.1926465034484863,1377338465000
52.218143463134766,6.896216869354248,96,2.2022714614868164,null,265.3143310546875,1.0404146909713745,1377338466000
52.218135833740234,6.896195411682129,96,2.4839484691619873,null,252.97119140625,1.0815622806549072,1377338467000
52.21812438964844,6.89617395401001,96,2.6248810291290283,null,274.10888671875,1.1469669342041016,1377338468000
52.21812438964844,6.8961310386657715,95,2.6907248497009277,null,259.69482421875,0.8980813026428223,1377338469000
52.21811294555664,6.896109580993652,95,2.4083189964294434,null,255.333251953125,0.9622867107391357,1377338470000
52.21811294555664,6.896088123321533,95,2.3345236778259277,null,257.49755859375,0.7663007378578186,1377338471000
52.21811294555664,6.896045207977295,95,2.3345236778259277,null,276.602783203125,0.9672342538833618,1377338473000
52.21811294555664,6.896023750305176,95,2.3345236778259277,null,270.37353515625,0.7324330806732178,1377338474000
52.218101501464844,6.896002292633057,95,2.3345236778259277,null,271.0052490234375,0.6408789157867432,1377338475000
52.21811294555664,6.895959377288818,96,2.5455844402313232,null,270.5657958984375,0.8545052409172058,1377338476000
52.21811294555664,6.895959377288818,97,2.3345236778259277,null,276.5533447265625,0.8593959212303162,1377338477000
52.21811294555664,6.895937919616699,96,2.1260292530059814,null,273.9166259765625,0.8557305335998535,1377338478000
52.21812438964844,6.895895004272461,95,1.9849433898925781,null,282.008056640625,0.8409091830253601,1377338479000
52.218135833740234,6.895873546600342,94,2.0615530014038086,null,272.735595703125,0.8855493068695068,1377338480000
52.218143463134766,6.8958306312561035,94,1.9209372997283936,null,282.952880859375,0.9218772649765015,1377338481000
52.218143463134766,6.895809173583984,95,1.8601075410842896,null,286.67724609375,0.9222561120986938,1377338482000
52.21815490722656,6.895787715911865,96,2.1400935649871826,null,299.9267578125,0.7040678858757019,1377338483000
52.21816635131836,6.895766258239746,96,2.0615530014038086,null,275.9271240234375,0.8579044938087463,1377338484000
52.218177795410156,6.895744800567627,96,1.8439089059829712,null,281.436767578125,0.8409091830253601,1377338485000
52.218177795410156,6.895723342895508,97,1.6401219367980957,null,265.2593994140625,0.7958132028579712,1377338486000
52.218177795410156,6.895723342895508,97,1.5620499849319458,null,284.161376953125,0.8475284576416016,1377338487000
52.218177795410156,6.895701885223389,96,1.6401219367980957,null,290.006103515625,0.8591248989105225,1377338488000
52.21818923950195,6.8956804275512695,96,1.6401219367980957,null,275.8062744140625,0.8579044938087463,1377338489000
52.218196868896484,6.89565896987915,95,1.8439089059829712,null,294.444580078125,0.9218773245811462,1377338490000
52.21820831298828,6.895616054534912,95,1.8439089059829712,null,292.8460693359375,0.943718433380127,1377338491000
52.21821975708008,6.895594596862793,95,1.7029386758804321,null,290.3851318359375,0.8786865472793579,1377338492000
52.218231201171875,6.895573139190674,95,1.6278821229934692,null,302.6239013671875,1.0287115573883057,1377338493000
52.21824264526367,6.895551681518555,95,1.6278821229934692,null,294.3511962890625,1.0380622148513794,1377338494000
52.21825408935547,6.895551681518555,94,1.7691806554794312,null,295.015869140625,0.9762197136878967,1377338495000
52.21826171875,6.8955302238464355,94,1.6278821229934692,null,298.7677001953125,1.0448808670043945,1377338496000
52.21826171875,6.895508766174316,94,1.6278821229934692,null,305.0244140625,0.6350393891334534,1377338497000
52.2182731628418,6.895487308502197,92,1.6970562934875488,null,292.7801513671875,0.8615606427192688,1377338498000
52.218284606933594,6.895465850830078,92,1.7691806554794312,null,311.297607421875,0.7780604958534241,1377338499000
52.21829605102539,6.895465850830078,91,1.7691806554794312,null,320.3997802734375,0.5862324833869934,1377338502000
52.21829605102539,6.895444393157959,90,1.7691806554794312,null,316.3897705078125,0.7555912733078003,1377338503000
52.21830749511719,6.895444393157959,87,1.8439089059829712,null,8.10791015625,0.753276526927948,1377338505000
52.21831512451172,6.89542293548584,88,2.3430750370025635,null,309.407958984375,0.5197035670280457,1377338506000
52.21831512451172,6.89542293548584,88,2.2671568393707275,null,307.979736328125,0.7387635707855225,1377338507000
52.21831512451172,6.895401477813721,89,2.420743703842163,null,337.5604248046875,0.7395511865615845,1377338508000
52.218326568603516,6.895380020141602,90,2.3430750370025635,null,330.479736328125,0.7514196634292603,1377338509000
52.218326568603516,6.895358562469482,90,2.842534065246582,null,311.396484375,0.6374180912971497,1377338511000
52.21831512451172,6.895272731781006,95,4.1773200035095215,null,325.4315185546875,0.42752501368522644,1377338516000
52.218326568603516,6.895229816436768,97,4.252058506011963,null,306.4141845703125,0.41509026288986206,1377338517000
52.218326568603516,6.895208358764648,98,4.036087512969971,null,294.0765380859375,0.5329747200012207,1377338518000
52.21834945678711,6.89516544342041,98,3.679673910140991,null,299.1961669921875,0.539487898349762,1377338522000
52.218360900878906,6.895143985748291,98,3.8183767795562744,null,307.5238037109375,0.43641868233680725,1377338528000
52.21836853027344,6.895101070404053,99,3.8183767795562744,null,305.9857177734375,0.558780312538147,1377338529000
52.21836853027344,6.895079612731934,99,3.535533905029297,null,284.9853515625,0.643959641456604,1377338530000
52.218379974365234,6.8950581550598145,99,3.3941125869750977,null,276.85546875,0.6454042792320251,1377338531000
52.218379974365234,6.895036697387695,98,3.3241541385650635,null,270.6591796875,0.5188067555427551,1377338533000
52.218379974365234,6.894993782043457,99,3.1144824028015137,null,272.5927734375,0.6410605311393738,1377338534000
52.218379974365234,6.894972324371338,98,2.9732136726379395,null,278.37158203125,0.6473854780197144,1377338535000
52.218379974365234,6.8949294090271,97,2.831960439682007,null,262.869873046875,0.7987335920333862,1377338536000
52.218379974365234,6.894886493682861,96,2.6248810291290283,null,259.6343994140625,0.9458131790161133,1377338537000
52.21836853027344,6.894865036010742,96,2.5495097637176514,null,278.349609375,0.7855061888694763,1377338538000
52.21836853027344,6.894843578338623,95,2.3430750370025635,null,265.1055908203125,0.6120750904083252,1377338539000
52.21836853027344,6.894822120666504,94,2.3430750370025635,null,244.05029296875,0.7236380577087402,1377338540000
52.21836853027344,6.894800662994385,93,2.2022714614868164,null,247.4725341796875,0.7594334483146667,1377338541000
52.21836853027344,6.894779205322266,93,2.2022714614868164,null,258.9312744140625,0.7601994872093201,1377338542000
52.21834945678711,6.894650459289551,99,14.132586479187012,null,242.9022216796875,0.7711469531059265,1377338547000
52.21833801269531,6.894629001617432,97,6.5,null,250.8123779296875,0.791412353515625,1377338548000
52.218326568603516,6.894629001617432,97,5.283937931060791,null,233.0859375,0.8728373646736145,1377338549000
52.218326568603516,6.8946075439453125,97,4.614109039306641,null,233.6627197265625,0.9827567934989929,1377338550000
52.218326568603516,6.894586086273193,98,4.2544097900390625,null,260.738525390625,0.7877262234687805,1377338551000
52.21831512451172,6.894564628601074,97,3.8948683738708496,null,240.40283203125,0.9426074624061584,1377338552000
52.2182731628418,6.894564628601074,95,3.3286633491516113,null,242.3199462890625,1.0305206775665283,1377338553000
52.21826171875,6.894564628601074,94,3.1622776985168457,null,240.369873046875,1.0315369367599487,1377338554000
52.21826171875,6.894543170928955,94,2.8844411373138428,null,236.282958984375,1.1426960229873657,1377338555000
52.21825408935547,6.894543170928955,93,2.692582368850708,null,239.2767333984375,1.190692663192749,1377338556000
52.21824264526367,6.894543170928955,92,2.555386543273926,null,229.801025390625,1.2347556352615356,1377338557000
52.218231201171875,6.894521713256836,91,2.505992889404297,null,231.7620849609375,1.1724649667739868,1377338558000
52.21821975708008,6.894500255584717,91,2.418677568435669,null,218.51806640625,1.227284550666809,1377338559000
52.21820831298828,6.894478797912598,90,2.469817876815796,null,210.377197265625,1.1071995496749878,1377338561000
52.218196868896484,6.8944573402404785,90,2.469817876815796,null,249.949951171875,1.0859664678573608,1377338562000
52.21818923950195,6.8944573402404785,90,2.3853721618652344,null,279.8876953125,1.0987555980682373,1377338563000
52.21818923950195,6.894435882568359,90,2.3853721618652344,null,235.8929443359375,0.6137845516204834,1377338564000
52.21818923950195,6.894435882568359,90,2.302172899246216,null,151.995849609375,0.621137797832489,1377338565000
52.218177795410156,6.89441442489624,88,2.52388596534729,null,226.680908203125,0.690881609916687,1377338567000
52.21816635131836,6.89441442489624,87,2.4413111209869385,null,239.271240234375,0.690881609916687,1377338568000
52.21815490722656,6.894392967224121,86,2.3600847721099854,null,238.172607421875,0.8087282180786133,1377338569000
52.218143463134766,6.894371509552002,86,2.3600847721099854,null,236.6070556640625,0.8591249585151672,1377338570000
52.218135833740234,6.894371509552002,84,2.280350923538208,null,230.99853515625,0.9222560524940491,1377338571000
52.218135833740234,6.894350051879883,84,2.280350923538208,null,223.0224609375,0.680525004863739,1377338572000
52.21812438964844,6.894328594207764,85,2.420743703842163,null,215.364990234375,0.9525590538978577,1377338574000
52.21811294555664,6.8943071365356445,84,2.4839484691619873,null,219.0179443359375,0.8889608383178711,1377338575000
52.218101501464844,6.894285678863525,85,2.6248810291290283,null,203.1097412109375,0.5469886064529419,1377338576000
52.218101501464844,6.894264221191406,85,2.9732136726379395,null,221.2591552734375,0.6374180912971497,1377338577000
52.218101501464844,6.894242763519287,84,2.9732136726379395,null,232.2015380859375,0.543358325958252,1377338578000
52.21809005737305,6.894221305847168,83,2.906888246536255,null,227.4884033203125,0.5296881198883057,1377338579000
52.21809005737305,6.894221305847168,82,2.831960439682007,null,197.984619140625,0.5261597633361816,1377338582000
52.21809005737305,6.894221305847168,82,2.6870057582855225,null,0,0.4730296730995178,1377338583000
52.21809005737305,6.894199848175049,81,2.9732136726379395,null,231.6302490234375,0.4122760593891144,1377338587000
52.21809005737305,6.89417839050293,80,2.831960439682007,null,254.783935546875,0.4737674295902252,1377338589000
52.218082427978516,6.894135475158691,80,2.5495097637176514,null,253.93798828125,0.536675214767456,1377338590000
52.218082427978516,6.894092559814453,81,2.475883722305298,null,257.7557373046875,0.8409091830253601,1377338591000
52.218082427978516,6.894071102142334,82,2.262741804122925,null,252.015380859375,0.8784214854240417,1377338592000
52.218082427978516,6.894028186798096,82,2.051828384399414,null,246.4508056640625,0.943718433380127,1377338593000
52.218082427978516,6.894006729125977,83,1.9104973077774048,null,253.05908203125,0.9894860982894897,1377338594000
52.218082427978516,6.893963813781738,84,1.8384777307510376,null,247.049560546875,0.9296740293502808,1377338595000
52.21807098388672,6.893942356109619,84,1.8384777307510376,null,258.541259765625,1.0414212942123413,1377338596000
52.21807098388672,6.8939208984375,84,1.6970562934875488,null,258.9971923828125,1.086395263671875,1377338597000
52.21807098388672,6.893899440765381,84,1.6970562934875488,null,269.49462890625,1.0986496210098267,1377338598000
52.21807098388672,6.893856525421143,86,1.6970562934875488,null,275.9271240234375,1.0886433124542236,1377338599000
52.21807098388672,6.893835067749023,86,1.6970562934875488,null,288.9129638671875,0.9650652408599854,1377338600000
52.21807098388672,6.893813610076904,85,1.6970562934875488,null,269.000244140625,1.0834980010986328,1377338601000
52.21807098388672,6.893792152404785,87,1.7691806554794312,null,266.539306640625,1.1612906455993652,1377338602000
52.21807098388672,6.893770694732666,87,1.9104973077774048,null,269.110107421875,0.9766966104507446,1377338603000
52.21807098388672,6.893749237060547,87,1.8384777307510376,null,271.8841552734375,1.0838203430175781,1377338604000
52.21807098388672,6.893727779388428,86,1.7691806554794312,null,281.2060546875,1.119226098060608,1377338605000
52.21807098388672,6.893706321716309,87,1.9104973077774048,null,276.3336181640625,1.0127439498901367,1377338606000
52.218082427978516,6.8936848640441895,87,1.8384777307510376,null,276.943359375,0.8762984275817871,1377338607000
52.218082427978516,6.89366340637207,87,1.8384777307510376,null,289.6051025390625,0.7431629300117493,1377338608000
52.218082427978516,6.893641948699951,85,1.8384777307510376,null,285.40283203125,0.9475348591804504,1377338610000
52.218082427978516,6.893620491027832,85,1.8384777307510376,null,269.2913818359375,0.9613183736801147,1377338611000
52.21809005737305,6.893599033355713,85,1.8384777307510376,null,272.9058837890625,0.9007993340492249,1377338612000
52.21809005737305,6.893577575683594,85,1.8384777307510376,null,278.85498046875,0.7401805520057678,1377338613000
52.21809005737305,6.893556118011475,84,1.9104973077774048,null,296.015625,1.0306336879730225,1377338615000
52.218101501464844,6.8935346603393555,85,2.051828384399414,null,283.46923828125,0.9104408025741577,1377338616000
52.21811294555664,6.893513202667236,86,2.051828384399414,null,296.817626953125,0.9076232314109802,1377338617000
52.21811294555664,6.893491744995117,86,2.051828384399414,null,287.633056640625,0.8638547658920288,1377338618000
52.21812438964844,6.893470287322998,85,1.9104973077774048,null,291.33544921875,0.9180809855461121,1377338619000
52.21812438964844,6.893448829650879,85,1.9104973077774048,null,310.396728515625,0.9202341437339783,1377338620000
52.21812438964844,6.89342737197876,85,1.8439089059829712,null,309.3035888671875,0.9651858806610107,1377338621000
52.218135833740234,6.89342737197876,85,1.8439089059829712,null,275.33935546875,1.087252140045166,1377338622000
52.218135833740234,6.8933844566345215,85,1.9849433898925781,null,287.655029296875,1.042315125465393,1377338623000
52.218135833740234,6.8933844566345215,85,1.8439089059829712,null,285.97412109375,0.7441022396087646,1377338624000
52.218135833740234,6.893362998962402,85,1.7691806554794312,null,298.817138671875,0.7782101631164551,1377338625000
52.218135833740234,6.893341541290283,85,1.7691806554794312,null,291.9891357421875,0.8075757026672363,1377338626000
52.21812438964844,6.893320083618164,85,2.1260292530059814,null,257.3382568359375,0.8110281229019165,1377338627000
52.21812438964844,6.893298625946045,86,1.9849433898925781,null,270.406494140625,0.7629510760307312,1377338628000
52.21812438964844,6.893277168273926,87,1.8439089059829712,null,304.0411376953125,0.812605619430542,1377338630000
52.21812438964844,6.893255710601807,87,1.8439089059829712,null,292.642822265625,0.7594334483146667,1377338631000
52.21812438964844,6.8932342529296875,88,1.8439089059829712,null,306.2054443359375,0.558780312538147,1377338632000
52.21812438964844,6.893212795257568,90,1.8601075410842896,null,294.7412109375,0.7715997099876404,1377338634000
52.21812438964844,6.893191337585449,89,1.8601075410842896,null,276.83349609375,0.7684246897697449,1377338635000
52.21812438964844,6.89316987991333,90,1.8601075410842896,null,309.3310546875,0.7601994872093201,1377338637000
52.21812438964844,6.893148422241211,90,1.8601075410842896,null,315.384521484375,0.7877262830734253,1377338638000
52.218135833740234,6.893148422241211,90,1.8027756214141846,null,309.6551513671875,0.7912652492523193,1377338639000
52.218135833740234,6.893126964569092,90,1.720465064048767,null,314.044189453125,0.8524591326713562,1377338640000
52.218135833740234,6.893105506896973,90,1.720465064048767,null,301.2066650390625,0.9028648138046265,1377338641000
52.218143463134766,6.8930840492248535,89,1.9416488409042358,null,292.34619140625,0.589401364326477,1377338644000
52.21815490722656,6.893062591552734,88,1.9416488409042358,null,277.0697021484375,0.5830463767051697,1377338645000
52.21815490722656,6.893041133880615,88,1.8027756214141846,null,293.323974609375,0.5810462236404419,1377338646000
52.21815490722656,6.893019676208496,87,1.8027756214141846,null,299.080810546875,0.7647799849510193,1377338647000
52.21816635131836,6.893019676208496,87,1.8601075410842896,null,301.717529296875,1.0756257772445679,1377338648000
52.21816635131836,6.892998218536377,86,1.9416488409042358,null,278.4814453125,1.2947709560394287,1377338649000
52.21816635131836,6.892976760864258,86,2.024845838546753,null,271.34033203125,1.2208170890808105,1377338650000
52.21816635131836,6.8929338455200195,86,2.1095023155212402,null,294.4940185546875,1.3184713125228882,1377338651000
52.218177795410156,6.8929338455200195,88,1.9723082780838013,null,303.739013671875,1.320412516593933,1377338652000
52.218177795410156,6.8929123878479,87,1.886796236038208,null,290.302734375,1.318029761314392,1377338653000
52.218177795410156,6.892890930175781,88,1.886796236038208,null,271.2744140625,1.3428806066513062,1377338654000
52.218177795410156,6.892869472503662,87,1.8357560634613037,null,288.621826171875,1.3318250179290771,1377338655000
52.21821975708008,6.892762184143066,96,9.037698745727539,null,267.6544189453125,0.7020808458328247,1377338660000
52.21818923950195,6.8927836418151855,94,7.4242844581604,null,278.3935546875,1.0012987852096558,1377338661000
52.21816635131836,6.892762184143066,97,6.082762718200684,null,291.2200927734375,0.9608337879180908,1377338662000
52.21816635131836,6.892740726470947,98,5.371219635009766,null,274.4329833984375,0.9023488759994507,1377338663000
52.218177795410156,6.892697811126709,96,4.887740135192871,null,279.55810546875,0.9582859873771667,1377338664000
52.218196868896484,6.892654895782471,94,4.356604099273682,null,285.435791015625,0.9622867107391357,1377338665000
52.21820831298828,6.892633438110352,93,4.02243709564209,null,270.37353515625,0.9460593461990356,1377338666000
52.21821975708008,6.892611980438232,92,3.560898780822754,null,282.54638671875,0.9666322469711304,1377338667000
52.218231201171875,6.892590522766113,91,3.264965772628784,null,281.0467529296875,1.056404948234558,1377338668000
52.218231201171875,6.892569065093994,91,3.1144824028015137,null,290.56640625,0.9947664737701416,1377338669000
52.218231201171875,6.892569065093994,90,3.041381359100342,null,281.876220703125,0.855866551399231,1377338670000
52.21824264526367,6.892547607421875,90,2.9698486328125,null,286.7816162109375,1.066931962966919,1377338671000
52.21824264526367,6.892526149749756,89,2.8284270763397217,null,277.2784423828125,1.0599255561828613,1377338672000
52.21824264526367,6.892526149749756,89,2.758622884750366,null,275.8612060546875,1.1964473724365234,1377338673000
52.21824264526367,6.892504692077637,88,2.758622884750366,null,284.490966796875,1.1510199308395386,1377338674000
52.218231201171875,6.892483234405518,88,2.758622884750366,null,276.35009765625,0.844225287437439,1377338675000
52.218231201171875,6.892461776733398,89,2.617250442504883,null,277.18505859375,0.9369089007377625,1377338676000
52.21821975708008,6.89241886138916,90,2.475883722305298,null,299.036865234375,0.628404974937439,1377338677000
52.218231201171875,6.89241886138916,90,2.404163122177124,null,281.44775390625,0.948639988899231,1377338678000
52.218231201171875,6.892397403717041,90,2.3345236778259277,null,277.261962890625,0.9369089007377625,1377338679000
52.218231201171875,6.892375946044922,89,2.3345236778259277,null,281.1456298828125,0.9935954809188843,1377338680000
52.218231201171875,6.892354488372803,89,2.2671568393707275,null,280.7720947265625,0.7451966404914856,1377338681000
52.218231201171875,6.892333030700684,89,2.193171262741089,null,280.9808349609375,0.5895987749099731,1377338682000
52.218231201171875,6.8923115730285645,89,2.1260292530059814,null,297.1636962890625,0.6278489828109741,1377338684000
52.218231201171875,6.892290115356445,88,2.051828384399414,null,315.439453125,0.5503833889961243,1377338685000
52.218231201171875,6.892268657684326,88,1.9798989295959473,null,279.3878173828125,0.6322835087776184,1377338686000
52.218231201171875,6.892225742340088,89,1.9849433898925781,null,305.771484375,0.5463497042655945,1377338687000
52.218231201171875,6.892204284667969,90,2.0615530014038086,null,295.806884765625,0.6278489828109741,1377338688000
52.218231201171875,6.892204284667969,90,2,null,0,0.4730296730995178,1377338689000
52.218231201171875,6.89218282699585,90,2.0808651447296143,null,288.533935546875,0.5115756392478943,1377338693000
52.218231201171875,6.8921613693237305,89,1.9416488409042358,null,289.1546630859375,0.9699985980987549,1377338694000
52.21824264526367,6.892139911651611,89,1.9416488409042358,null,283.447265625,1.0179038047790527,1377338695000
52.21825408935547,6.892118453979492,88,1.8601075410842896,null,275.4052734375,1.087252140045166,1377338696000
52.21825408935547,6.892075538635254,88,1.720465064048767,null,276.2896728515625,1.1357470750808716,1377338698000
52.21825408935547,6.892075538635254,88,1.6401219367980957,null,285.8258056640625,1.1402482986450195,1377338699000
52.21826171875,6.892054080963135,89,1.6401219367980957,null,279.744873046875,0.8203054666519165,1377338700000
52.21826171875,6.892032623291016,88,1.6401219367980957,null,286.0565185546875,0.9515807628631592,1377338701000
52.21826171875,6.8920111656188965,88,1.6401219367980957,null,280.030517578125,1.1464594602584839,1377338702000
52.21826171875,6.891989707946777,87,1.6401219367980957,null,274.5977783203125,0.8719032406806946,1377338704000
52.21826171875,6.891968250274658,88,1.5811388492584229,null,296.8341064453125,1.112339735031128,1377338705000
52.2182731628418,6.891946792602539,88,1.5811388492584229,null,272.5927734375,0.9770541191101074,1377338706000
52.2182731628418,6.89192533493042,88,1.6401219367980957,null,280.4974365234375,0.9308003187179565,1377338708000
52.2182731628418,6.891903877258301,87,1.6401219367980957,null,285.6170654296875,0.9033805131912231,1377338709000
52.218284606933594,6.891882419586182,87,1.6401219367980957,null,297.652587890625,0.9146507382392883,1377338710000
52.21829605102539,6.8918609619140625,86,1.6401219367980957,null,292.225341796875,0.9237696528434753,1377338711000
52.21830749511719,6.8918609619140625,85,1.6278821229934692,null,282.5518798828125,0.8440873622894287,1377338712000
52.21830749511719,6.891839504241943,85,1.6278821229934692,null,289.62158203125,0.8735040426254272,1377338713000
52.21831512451172,6.891818046569824,85,1.5556349754333496,null,280.6951904296875,0.9157955646514893,1377338714000
52.21831512451172,6.891796588897705,84,1.5556349754333496,null,287.501220703125,0.9266637563705444,1377338715000
52.218326568603516,6.891775131225586,84,1.6278821229934692,null,275.108642578125,0.9643411636352539,1377338716000
52.218326568603516,6.891753673553467,84,1.6278821229934692,null,297.0318603515625,0.7029094099998474,1377338717000
52.218326568603516,6.891732215881348,83,1.7691806554794312,null,288.4954833984375,0.9988542199134827,1377338718000
52.218326568603516,6.891689300537109,85,2.4083189964294434,null,300.728759765625,0.6777822971343994,1377338719000
52.218326568603516,6.89166784286499,86,2.5495097637176514,null,284.853515625,0.8512291312217712,1377338720000
52.218326568603516,6.891646385192871,87,2.3430750370025635,null,283.0902099609375,0.858989417552948,1377338723000
52.218326568603516,6.891603469848633,89,2.6907248497009277,null,300.1629638671875,0.6568472981452942,1377338724000
52.21833801269531,6.891582012176514,89,2.5495097637176514,null,297.0758056640625,0.7575916051864624,1377338725000
52.21833801269531,6.8915605545043945,89,2.4083189964294434,null,272.43896484375,0.9313004612922668,1377338726000
52.21833801269531,6.891539096832275,90,2.193171262741089,null,265.0396728515625,0.9339219331741333,1377338727000
52.21833801269531,6.891517639160156,90,2.051828384399414,null,256.2945556640625,0.9881910085678101,1377338728000
52.218326568603516,6.891496181488037,89,1.9104973077774048,null,248.3953857421875,1.1985862255096436,1377338729000
52.218326568603516,6.891474723815918,89,1.8384777307510376,null,257.7008056640625,1.2181439399719238,1377338730000
52.218326568603516,6.891453266143799,89,1.6970562934875488,null,256.322021484375,1.1288583278656006,1377338731000
52.218326568603516,6.89143180847168,89,1.6970562934875488,null,239.1668701171875,1.156670093536377,1377338732000
52.21831512451172,6.89143180847168,89,1.6970562934875488,null,252.015380859375,1.0905665159225464,1377338733000
52.21831512451172,6.8914103507995605,89,1.6970562934875488,null,248.0328369140625,0.9323000311851501,1377338734000
52.21830749511719,6.891388893127441,89,1.6278821229934692,null,252.4053955078125,1.13420832157135,1377338735000
52.21830749511719,6.891367435455322,89,1.6278821229934692,null,251.56494140625,1.0278058052062988,1377338736000
52.21830749511719,6.891345977783203,89,1.6278821229934692,null,241.3861083984375,1.078975796699524,1377338737000
52.21829605102539,6.891324520111084,89,1.5620499849319458,null,263.5675048828125,0.8123189806938171,1377338738000
52.21830749511719,6.891324520111084,89,1.4866068363189697,null,287.4847412109375,1.0859664678573608,1377338739000
52.21830749511719,6.891303062438965,89,1.4866068363189697,null,276.119384765625,1.0886433124542236,1377338740000
52.21830749511719,6.891281604766846,88,1.4866068363189697,null,292.8131103515625,1.122134804725647,1377338741000
52.21831512451172,6.891260147094727,88,1.4866068363189697,null,290.5499267578125,1.15374755859375,1377338742000
52.21831512451172,6.891238689422607,88,1.4866068363189697,null,286.2982177734375,1.1297860145568848,1377338743000
52.21831512451172,6.891217231750488,88,1.4866068363189697,null,292.335205078125,1.034242033958435,1377338744000
52.218326568603516,6.891217231750488,88,1.4866068363189697,null,295.927734375,0.894183874130249,1377338745000
52.218326568603516,6.891195774078369,88,1.6278821229934692,null,292.5054931640625,0.9038958549499512,1377338746000
52.218326568603516,6.89117431640625,88,1.5620499849319458,null,307.5018310546875,0.9918363690376282,1377338747000
52.218326568603516,6.891152858734131,88,1.5620499849319458,null,299.1632080078125,0.7647799849510193,1377338748000
52.21833801269531,6.891152858734131,88,1.7029386758804321,null,294.10400390625,0.6352226138114929,1377338749000
52.21833801269531,6.891131401062012,88,1.7029386758804321,null,289.1656494140625,0.7093393802642822,1377338750000
52.21833801269531,6.891109943389893,88,1.780449390411377,null,300.728759765625,0.7589733600616455,1377338751000
52.21833801269531,6.891088485717773,87,2.580697774887085,null,281.4642333984375,0.5446423888206482,1377338754000
52.21833801269531,6.891067028045654,86,2.3600847721099854,null,270.8404541015625,0.5493248105049133,1377338755000
52.218326568603516,6.891045570373535,86,2.302172899246216,null,252.7130126953125,0.5554367899894714,1377338756000
52.21833801269531,6.891024112701416,86,2.220360517501831,null,291.2310791015625,0.671570360660553,1377338757000
52.21833801269531,6.891002655029297,86,2.0808651447296143,null,266.9952392578125,0.6873338222503662,1377338758000
52.21833801269531,6.890981197357178,86,2.0808651447296143,null,248.6260986328125,0.767970085144043,1377338759000
52.21833801269531,6.890981197357178,86,2,null,278.50341796875,0.8157513737678528,1377338760000
52.21833801269531,6.890959739685059,85,1.9416488409042358,null,249.5599365234375,0.8930113911628723,1377338761000
52.218326568603516,6.8909382820129395,85,1.9416488409042358,null,255.1629638671875,0.899376630783081,1377338762000
52.218326568603516,6.89091682434082,85,1.9416488409042358,null,238.963623046875,0.6987565755844116,1377338763000
52.21831512451172,6.89091682434082,85,1.886796236038208,null,231.0919189453125,0.6720902323722839,1377338764000
52.21830749511719,6.89091682434082,84,1.8027756214141846,null,255.5419921875,0.5329747200012207,1377338765000
52.21830749511719,6.890895366668701,84,1.8027756214141846,null,262.3040771484375,0.7078607678413391,1377338766000
52.21811294555664,6.890830993652344,119,19.248117446899414,null,288.2208251953125,0.7045637965202332,1377338773000
52.218101501464844,6.890745162963867,109,14.103191375732422,null,266.4404296875,1.1003438234329224,1377338776000
52.21818923950195,6.890616416931152,109,13.660527229309082,null,284.9249267578125,1.1844185590744019,1377338777000
52.218177795410156,6.8906378746032715,103,8.241966247558594,null,278.7451171875,1.2042065858840942,1377338778000
52.21829605102539,6.890530586242676,106,5.3758721351623535,null,261.6009521484375,1.2170922756195068,1377338779000
52.21831512451172,6.890509128570557,103,4.386342525482178,null,272.2247314453125,0.8093037605285645,1377338780000
52.21831512451172,6.8904876708984375,100,3.8288381099700928,null,281.07421875,0.9458131790161133,1377338781000
52.21831512451172,6.890444755554199,102,3.5468294620513916,null,276.888427734375,1.1357470750808716,1377338782000
52.21831512451172,6.89042329788208,102,3.2802438735961914,null,260.244140625,1.036041498184204,1377338783000
52.21831512451172,6.89042329788208,102,2.9832866191864014,null,292.357177734375,0.9096732139587402,1377338784000
52.21831512451172,6.89042329788208,100,2.7658634185791016,null,290.2642822265625,1.0377256870269775,1377338785000
52.21831512451172,6.890401840209961,99,2.6248810291290283,null,280.5413818359375,0.9308003187179565,1377338786000
52.21831512451172,6.890358924865723,97,2.4839484691619873,null,294.8895263671875,0.7577452659606934,1377338788000
52.218326568603516,6.8903374671936035,96,2.420743703842163,null,290.841064453125,0.9323000311851501,1377338790000
52.218326568603516,6.890316009521484,96,2.420743703842163,null,302.047119140625,0.7068732380867004,1377338791000
52.21833801269531,6.890294551849365,96,2.420743703842163,null,297.0648193359375,0.7302043437957764,1377338792000
52.21833801269531,6.890273094177246,95,2.420743703842163,null,298.883056640625,0.5943188071250916,1377338793000
52.21833801269531,6.890273094177246,95,2.3600847721099854,null,0,0.3662165403366089,1377338794000
52.21833801269531,6.890251636505127,95,2.3600847721099854,null,292.0220947265625,0.589401364326477,1377338797000
52.21834945678711,6.890251636505127,93,2.2022714614868164,null,324.5965576171875,0.6226354241371155,1377338798000
52.218360900878906,6.890230178833008,95,2.3345236778259277,null,289.27001953125,0.8540964126586914,1377338800000
52.21836853027344,6.8901872634887695,95,3.1240999698638916,null,269.7747802734375,0.9460593461990356,1377338802000
52.21840286254883,6.890144348144531,96,4.410215377807617,null,294.2852783203125,0.8195955753326416,1377338807000
52.21842575073242,6.890101432800293,92,4.750789165496826,null,315.076904296875,1.3379299640655518,1377338810000
52.21844482421875,6.890079975128174,90,4.741308212280273,null,331.2103271484375,1.113072156906128,1377338812000
52.21845626831055,6.890058517456055,92,4.695743083953857,null,300.399169921875,0.8347954750061035,1377338814000
52.21845626831055,6.890015602111816,90,4.785394668579102,null,283.194580078125,1.110559105873108,1377338816000
52.21848678588867,6.889972686767578,90,4.561797618865967,null,297.3779296875,1.9040178060531616,1377338817000
52.21849822998047,6.889972686767578,91,4.4721360206604,null,302.860107421875,1.5109513998031616,1377338818000
52.21854019165039,6.88992977142334,92,4.3829216957092285,null,308.3917236328125,1.9017541408538818,1377338820000
52.21855163574219,6.88992977142334,94,4.248528957366943,null,317.8125,1.587891697883606,1377338821000
52.218563079833984,6.88992977142334,93,4.114608287811279,null,305.88134765625,1.2913496494293213,1377338822000
52.21854019165039,6.88992977142334,92,3.7161808013916016,null,281.085205078125,0.8680224418640137,1377338823000
52.21854019165039,6.88992977142334,93,3.4928500652313232,null,232.789306640625,0.7843196392059326,1377338824000
52.21854019165039,6.88992977142334,93,3.310589075088501,null,0,0.4577706456184387,1377338825000
52.21854019165039,6.88992977142334,93,3.0870697498321533,null,290.950927734375,0.5072333812713623,1377338826000
52.21853256225586,6.88992977142334,95,2.683281660079956,null,309.3475341796875,0.7912652492523193,1377338827000
52.21848678588867,6.889908313751221,92,2.1954498291015625,null,295.99365234375,0.5937308669090271,1377338828000
52.218467712402344,6.889865398406982,87,2.059126138687134,null,296.25732421875,0.5937308669090271,1377338829000
52.21845626831055,6.889843940734863,86,1.9723082780838013,null,301.2176513671875,0.8557305335998535,1377338830000
52.218467712402344,6.889822483062744,87,1.9723082780838013,null,295.9771728515625,0.9007993936538696,1377338831000
52.21847915649414,6.889801025390625,87,1.9416488409042358,null,298.773193359375,1.113072156906128,1377338832000
52.21847915649414,6.889779567718506,89,1.9416488409042358,null,296.3671875,1.3580528497695923,1377338833000
52.21849822998047,6.889758110046387,87,2.1400935649871826,null,323.8055419921875,0.610360860824585,1377338836000
52.218509674072266,6.889393329620361,108,10.347947120666504,null,285.018310546875,0.710651159286499,1377338844000
52.218509674072266,6.889393329620361,108,8.184131622314453,null,0,0.4577706456184387,1377338845000
52.218563079833984,6.889457702636719,100,5.021952152252197,null,337.049560546875,0.7594334483146667,1377338846000
52.218563079833984,6.889479160308838,100,3.047950029373169,null,346.8658447265625,0.7034061551094055,1377338847000
52.21857452392578,6.889500617980957,97,2.3345236778259277,null,319.866943359375,0.6057658791542053,1377338848000
52.21858596801758,6.889479160308838,95,1.9849433898925781,null,307.1502685546875,0.6745109558105469,1377338849000
52.21858596801758,6.889479160308838,95,1.8384777307510376,null,339.14794921875,0.5019267201423645,1377338850000
52.218597412109375,6.889479160308838,93,1.6970562934875488,null,318.2464599609375,0.6488224864006042,1377338851000
52.218597412109375,6.889479160308838,91,1.6278821229934692,null,290.599365234375,0.6518656611442566,1377338852000
52.218597412109375,6.889479160308838,89,1.421267032623291,null,302.574462890625,0.6518657207489014,1377338853000
52.218597412109375,6.889457702636719,87,1.7691806554794312,null,186.0809326171875,0,1377338864000
52.21858596801758,6.889457702636719,87,1.7691806554794312,null,187.75634765625,0,1377338865000
52.21857452392578,6.889457702636719,87,1.7691806554794312,null,165.399169921875,1.1657932996749878,1377338866000
52.218563079833984,6.889457702636719,87,1.7691806554794312,null,157.21435546875,1.0258784294128418,1377338867000
52.21855163574219,6.889457702636719,88,1.7691806554794312,null,175.9185791015625,0.9480262398719788,1377338868000
52.21854019165039,6.889457702636719,88,1.8384777307510376,null,181.9610595703125,1.0533146858215332,1377338869000
52.21853256225586,6.8894362449646,88,1.8384777307510376,null,176.0614013671875,1.0546401739120483,1377338870000
52.21852111816406,6.8894362449646,89,1.7691806554794312,null,190.843505859375,0.8229975700378418,1377338872000
52.218509674072266,6.8894362449646,88,1.7691806554794312,null,176.143798828125,0.6263638138771057,1377338873000
52.21849822998047,6.8894362449646,88,1.6278821229934692,null,176.4019775390625,0.8252577781677246,1377338874000
52.21848678588867,6.8894362449646,86,1.6278821229934692,null,155.445556640625,0.8195955753326416,1377338875000
52.21847915649414,6.8894362449646,85,1.5620499849319458,null,181.658935546875,0.6105515956878662,1377338876000
52.21847915649414,6.8894362449646,85,1.5,null,0,0.4882887005805969,1377338877000
52.21847915649414,6.8894362449646,85,1.3601471185684204,null,0,0,1377338888000
52.21847915649414,6.8894362449646,85,1.3038405179977417,null,0,0,1377338890000
