Latitude,Longitude,Altitude,Accuracy,Altitude Accuracy,Heading,Speed,Timestamp
52.22030332,6.89865781,101.30000305175781,8.9442720413208,null,170.10000610351562,0,1377340146000
52.22030043,6.89865936,101.4000015258789,8.9442720413208,null,170.10000610351562,0,1377340147000
52.22030043,6.89865936,101.4000015258789,8.9442720413208,null,170.10000610351562,0.75,1377340148000
52.22027566,6.89864484,101,8.9442720413208,null,170.10000610351562,0.75,1377340149000
52.22024711,6.89865353,100.5999984741211,13.416407585144043,null,170.10000610351562,0.75,1377340150000
52.22022744,6.89865086,100.80000305175781,13.416407585144043,null,170.10000610351562,0.75,1377340151000
52.22021915,6.89864923,100.9000015258789,13.416407585144043,null,170.10000610351562,0.5,1377340152000
52.22020069,6.89866328,101.19999694824219,13.416407585144043,null,170.10000610351562,0.5,1377340153000
52.22018899,6.89869245,101.80000305175781,13.416407585144043,null,170.10000610351562,0.5,1377340154000
52.22018599,6.89869661,102.5,13.416407585144043,null,170.10000610351562,0.25,1377340155000
52.22017803,6.89870406,102.9000015258789,13.416407585144043,null,170.10000610351562,0.5,1377340156000
52.22018254,6.89869478,102.5999984741211,13.416407585144043,null,170.10000610351562,0.25,1377340157000
52.22015425,6.89869473,102,13.416407585144043,null,170.10000610351562,0.5,1377340158000
52.22014539,6.89869095,102.4000015258789,13.416407585144043,null,170.10000610351562,0.75,1377340159000
52.22013801,6.8986902,102.5,13.416407585144043,null,170.10000610351562,0.75,1377340160000
52.22012732,6.89869327,103,13.416407585144043,null,170.10000610351562,0.75,1377340161000
52.22010554,6.89870396,103,13.416407585144043,null,182.8000030517578,0.75,1377340162000
52.22009653,6.89870322,103.19999694824219,13.416407585144043,null,178.39999389648438,0.75,1377340163000
52.22008304,6.89870961,102.9000015258789,13.416407585144043,null,173.1999969482422,0.75,1377340164000
52.22007077,6.89872126,103.30000305175781,13.416407585144043,null,173.1999969482422,0.75,1377340165000
52.22007228,6.898732,104.4000015258789,13.416407585144043,null,173.1999969482422,0.5,1377340166000
52.22006225,6.89875183,104.19999694824219,13.416407585144043,null,173.1999969482422,0,1377340167000
52.22006225,6.89875183,104.19999694824219,13.416407585144043,null,146.8000030517578,1,1377340168000
52.22005222,6.89875684,103.30000305175781,13.416407585144043,null,146.8000030517578,0.5,1377340169000
52.22004258,6.89875992,103.19999694824219,13.416407585144043,null,146.8000030517578,0,1377340170000
52.22003796,6.89876684,103.0999984741211,13.416407585144043,null,146.8000030517578,0,1377340171000
52.2201486,6.8986854,null,42,null,null,null,1377340169204
52.22003575,6.89877263,103.0999984741211,13.416407585144043,null,146.8000030517578,0,1377340172000
52.2200331,6.89876707,103.0999984741211,13.416407585144043,null,146.8000030517578,0,1377340173000
52.22003067,6.89875875,103.19999694824219,13.416407585144043,null,146.8000030517578,0,1377340174000
52.22001935,6.89876196,103.0999984741211,13.416407585144043,null,146.8000030517578,0,1377340175000
52.22001352,6.89875872,103.19999694824219,13.416407585144043,null,146.8000030517578,0,1377340176000
52.22001375,6.89876056,103.19999694824219,13.416407585144043,null,146.8000030517578,0,1377340177000
52.22000348,6.89876408,103.4000015258789,13.416407585144043,null,146.8000030517578,0,1377340178000
52.22000348,6.89876408,103.4000015258789,13.416407585144043,null,191.5,0.75,1377340179000
52.2199526,6.89876217,103.5999984741211,12.649110794067383,null,187.1999969482422,1.25,1377340180000
52.21991943,6.89875813,104.30000305175781,13.416407585144043,null,186.10000610351562,1.25,1377340181000
52.21990794,6.89876955,104.69999694824219,13.416407585144043,null,185.8000030517578,1,1377340182000
52.21989947,6.89876894,104.5,13.416407585144043,null,183,1,1377340183000
52.21989618,6.89875331,104.4000015258789,13.416407585144043,null,185.60000610351562,1,1377340184000
52.21988783,6.8987522,105,13.416407585144043,null,185.60000610351562,0,1377340185000
52.21988783,6.8987522,105,13.416407585144043,null,176.89999389648438,1,1377340186000
52.21987484,6.89875282,105.4000015258789,13.416407585144043,null,180.1999969482422,1,1377340187000
52.21983182,6.8987657,105.69999694824219,13.416407585144043,null,177.89999389648438,1,1377340188000
52.21979339,6.89878232,106.80000305175781,13.416407585144043,null,177.3000030517578,1,1377340189000
52.21979471,6.8987839,106.80000305175781,13.416407585144043,null,182.3000030517578,0.75,1377340190000
52.21978348,6.89877976,107,12.649110794067383,null,186.8000030517578,1,1377340191000
52.21976076,6.8987822,107.30000305175781,8.9442720413208,null,186.8000030517578,0,1377340192000
52.21976076,6.8987822,107.30000305175781,8.9442720413208,null,182.1999969482422,1,1377340193000
52.2197464,6.89878897,108.4000015258789,8.9442720413208,null,172.5,1,1377340194000
52.21972185,6.89880039,108.30000305175781,8.9442720413208,null,169.8000030517578,1.25,1377340195000
52.21969452,6.89881342,108.4000015258789,8.9442720413208,null,169.39999389648438,1.25,1377340196000
52.21969242,6.89882611,110,8.9442720413208,null,168.5,0.75,1377340197000
52.21966244,6.8988417,110.5999984741211,8.5440034866333,null,167.10000610351562,1.5811388492584229,1377340198000
52.21965214,6.8988346,110.9000015258789,6.7082037925720215,null,169.10000610351562,1.5811388492584229,1377340199000
52.2196344,6.89882923,110.0999984741211,6.7082037925720215,null,163.6999969482422,1.820027470588684,1377340200000
52.21962258,6.89882434,109,6.7082037925720215,null,166.5,1.75,1377340201000
52.2195967,6.89882813,108.80000305175781,6.7082037925720215,null,169.1999969482422,1.75,1377340202000
52.21957612,6.89883372,108.9000015258789,6.7082037925720215,null,169.10000610351562,1.75,1377340203000
52.21956808,6.89883491,108.9000015258789,6.7082037925720215,null,167.60000610351562,1.5,1377340204000
52.21955494,6.898839,108.5,6.7082037925720215,null,167.60000610351562,1.25,1377340205000
52.21955662,6.89882653,108.5,6.7082037925720215,null,167,1,1377340206000
52.21955313,6.89881411,108.4000015258789,6.7082037925720215,null,178.6999969482422,1,1377340207000
52.21955364,6.89880959,108.0999984741211,7.211102485656738,null,175.39999389648438,1,1377340208000
52.21955228,6.8987964,108.30000305175781,7.211102485656738,null,180.6999969482422,1,1377340209000
52.21954817,6.89879153,108.30000305175781,7.211102485656738,null,171.89999389648438,0.75,1377340210000
52.21954556,6.89879145,107.69999694824219,8.9442720413208,null,171.89999389648438,0.75,1377340211000
52.21953814,6.89880668,107.69999694824219,8.9442720413208,null,171.89999389648438,0.75,1377340212000
52.21954645,6.89880382,107.5,7.211102485656738,null,171.89999389648438,0.5,1377340213000
52.21954722,6.89879266,107.5,7.211102485656738,null,171.89999389648438,0.5,1377340214000
52.21954533,6.89877911,107.4000015258789,7.211102485656738,null,171.89999389648438,0.75,1377340215000
52.2198006,6.8986931,null,40,null,null,null,1377340213136
52.21953913,6.89877538,107.80000305175781,7.211102485656738,null,171.89999389648438,0.5,1377340216000
52.21952874,6.89877878,107.5999984741211,7.211102485656738,null,166.89999389648438,0.75,1377340217000
52.21952431,6.8987899,107.4000015258789,7.211102485656738,null,166.89999389648438,0.75,1377340218000
52.21950786,6.89878677,107.69999694824219,7.211102485656738,null,159.1999969482422,0.75,1377340219000
52.21950559,6.89879628,108.19999694824219,7.211102485656738,null,159.1999969482422,0.75,1377340220000
52.21949584,6.89879422,108.19999694824219,7.211102485656738,null,159.1999969482422,0.75,1377340221000
52.2194927,6.89879523,108.5,7.211102485656738,null,159.1999969482422,0.75,1377340222000
52.21946889,6.89880492,109,8.9442720413208,null,159.1999969482422,0,1377340223000
52.2194672,6.89880164,109.0999984741211,8.9442720413208,null,159.1999969482422,0,1377340224000
52.21946189,6.89879761,109.0999984741211,8.9442720413208,null,159.1999969482422,0,1377340225000
52.21945981,6.89879786,109.19999694824219,8.9442720413208,null,159.1999969482422,0,1377340226000
52.2194581,6.89879804,108.5999984741211,8.9442720413208,null,159.1999969482422,0,1377340227000
52.21945899,6.89879413,108.80000305175781,8.9442720413208,null,159.1999969482422,0,1377340228000
52.2194518,6.89879543,108.9000015258789,8.9442720413208,null,159.1999969482422,0,1377340229000
52.21945096,6.89879448,109.0999984741211,8.9442720413208,null,159.1999969482422,0,1377340230000
52.21945386,6.89879199,109.19999694824219,8.9442720413208,null,159.1999969482422,0,1377340231000
52.21945062,6.89879404,109.30000305175781,8.9442720413208,null,159.1999969482422,0,1377340232000
52.21944916,6.89879487,109.30000305175781,8.9442720413208,null,159.1999969482422,0,1377340233000
52.21944862,6.89879414,109.19999694824219,8.9442720413208,null,159.1999969482422,0,1377340234000
52.21944688,6.89879371,109,8.9442720413208,null,159.1999969482422,0,1377340235000
52.2194468,6.89879371,109,8.9442720413208,null,159.1999969482422,0,1377340236000
52.21944732,6.89879227,108.9000015258789,8.9442720413208,null,159.1999969482422,0,1377340237000
52.21944728,6.89879196,108.9000015258789,13.416407585144043,null,159.1999969482422,0,1377340238000
52.21944646,6.89879234,108.9000015258789,12.649110794067383,null,159.1999969482422,0,1377340239000
52.21944646,6.89879234,108.9000015258789,8.9442720413208,null,185.1999969482422,0.75,1377340240000
52.2194021,6.89879373,108.9000015258789,8.9442720413208,null,186.5,1,1377340241000
52.2193709,6.8987989,107.80000305175781,12.649110794067383,null,180.5,1.25,1377340242000
52.21933484,6.89879188,107.80000305175781,13.416407585144043,null,187.8000030517578,1,1377340243000
52.21930859,6.89878494,106.9000015258789,13.416407585144043,null,188.10000610351562,1.25,1377340244000
52.21929549,6.89877967,106.80000305175781,13.416407585144043,null,193.1999969482422,1,1377340245000
52.21927649,6.89877679,106.9000015258789,13.416407585144043,null,193.89999389648438,1,1377340246000
52.21925669,6.89876725,106.5,13.416407585144043,null,201,1,1377340247000
52.21924094,6.89876995,107.19999694824219,13.416407585144043,null,200,1,1377340248000
52.21922554,6.89877233,107.0999984741211,13.416407585144043,null,192.5,1,1377340249000
52.2191944,6.89877715,106.69999694824219,13.416407585144043,null,189.39999389648438,1.25,1377340250000
52.21917953,6.89877787,106.80000305175781,13.416407585144043,null,187.1999969482422,1.25,1377340251000
52.21916669,6.89877829,107,13.416407585144043,null,188.8000030517578,1.25,1377340252000
52.21915944,6.89877546,107.0999984741211,13.416407585144043,null,185.3000030517578,1,1377340253000
52.21914386,6.89877019,106.9000015258789,13.416407585144043,null,186.5,1.25,1377340254000
52.21913144,6.89877155,107.30000305175781,13.416407585144043,null,183.60000610351562,1.25,1377340255000
52.21911018,6.89877683,107,13.416407585144043,null,174.10000610351562,1.25,1377340256000
52.21910254,6.89877972,107.19999694824219,13.416407585144043,null,175.8000030517578,1,1377340257000
52.21908339,6.89877314,107.5999984741211,13.416407585144043,null,181.60000610351562,1.25,1377340258000
52.21905765,6.89877374,108.19999694824219,13.416407585144043,null,183.5,1.25,1377340259000
52.21904581,6.89875338,107.80000305175781,13.416407585144043,null,188.6999969482422,1.25,1377340260000
52.21902497,6.89877349,108.5999984741211,13.416407585144043,null,188.6999969482422,0,1377340261000
52.21902746,6.89877753,108.5,13.416407585144043,null,188.6999969482422,0,1377340262000
52.2189561,6.8986777,null,37,null,null,null,1377340260327
52.21902036,6.89878145,108.5,13.416407585144043,null,188.6999969482422,0,1377340263000
52.21902589,6.89877997,108.69999694824219,13.416407585144043,null,188.6999969482422,0,1377340264000
52.21902659,6.89877926,109,13.416407585144043,null,188.6999969482422,0,1377340265000
52.21902613,6.89877343,108.9000015258789,13.416407585144043,null,188.6999969482422,0,1377340266000
52.21902103,6.89878029,108.69999694824219,13.416407585144043,null,188.6999969482422,0,1377340267000
52.21902181,6.89878535,108.5,13.416407585144043,null,188.6999969482422,0,1377340268000
52.2190254,6.89878336,109.0999984741211,13.416407585144043,null,188.6999969482422,0,1377340269000
52.21903172,6.89877939,109.30000305175781,13.416407585144043,null,188.6999969482422,0,1377340270000
52.21904389,6.89876383,109.80000305175781,13.416407585144043,null,188.6999969482422,0,1377340271000
52.21904579,6.89875867,109.80000305175781,13.416407585144043,null,188.6999969482422,0,1377340272000
52.2190493,6.89875488,109.9000015258789,13.416407585144043,null,188.6999969482422,0,1377340273000
52.2190503,6.89875396,109.9000015258789,13.416407585144043,null,188.6999969482422,0,1377340274000
52.21904998,6.89875497,109.9000015258789,13.416407585144043,null,188.6999969482422,0,1377340275000
52.21905061,6.89875477,109.9000015258789,13.416407585144043,null,188.6999969482422,0,1377340276000
52.21905061,6.89875477,109.9000015258789,13.416407585144043,null,188.6999969482422,0.5,1377340277000
52.21899653,6.89874512,108.69999694824219,13.416407585144043,null,188.6999969482422,0.75,1377340278000
52.21899358,6.89872185,107.80000305175781,13.416407585144043,null,194.5,0.75,1377340279000
52.21894609,6.89871735,106.9000015258789,13.416407585144043,null,194.1999969482422,1,1377340280000
52.21891735,6.89873256,107.5,13.416407585144043,null,191,1,1377340281000
52.21890035,6.89873094,107.4000015258789,13.416407585144043,null,188.60000610351562,1,1377340282000
52.21888933,6.8987214,107.4000015258789,13.416407585144043,null,198.5,1,1377340283000
52.21886818,6.898716,107.30000305175781,13.416407585144043,null,198.10000610351562,1,1377340284000
52.21883912,6.89869697,107,13.416407585144043,null,202,1,1377340286000
52.21883558,6.89867207,107.5999984741211,13.416407585144043,null,214.5,1,1377340287000
52.21883061,6.89866336,107.80000305175781,13.416407585144043,null,217.89999389648438,1,1377340288000
52.21881954,6.89865635,107.80000305175781,13.416407585144043,null,213.5,1,1377340289000
52.21881291,6.89864466,107.5999984741211,12.649110794067383,null,208.39999389648438,1,1377340290000
52.21878845,6.89865039,107.30000305175781,12.649110794067383,null,199.10000610351562,1,1377340291000
52.21877737,6.89863933,106.80000305175781,12.649110794067383,null,196,1.25,1377340292000
52.21874998,6.89862567,105.69999694824219,8.9442720413208,null,198,1.25,1377340293000
52.21875466,6.89861258,105.4000015258789,8.9442720413208,null,198.89999389648438,1.25,1377340294000
52.21874164,6.89861322,105.5,8.9442720413208,null,191.10000610351562,1.25,1377340295000
52.21875127,6.89860358,104.9000015258789,8.9442720413208,null,189.39999389648438,1,1377340296000
52.21874075,6.89858377,105,8.9442720413208,null,183.1999969482422,1,1377340297000
52.21874567,6.89858204,105.4000015258789,8.9442720413208,null,183.1999969482422,0,1377340298000
52.21874725,6.89858456,105.5999984741211,8.9442720413208,null,183.1999969482422,0,1377340299000
52.21874908,6.89858214,105.5,8.9442720413208,null,183.1999969482422,0,1377340300000
52.2187507,6.89858192,105.5,7.211102485656738,null,183.1999969482422,0,1377340301000
52.21875117,6.89857896,105.19999694824219,8.9442720413208,null,183.1999969482422,0,1377340302000
52.21875117,6.89857896,105.19999694824219,10,null,183.1999969482422,0.5,1377340303000
52.21874324,6.89856998,105.30000305175781,8.485280990600586,null,183.1999969482422,0.5,1377340304000
52.21873553,6.89855586,104.80000305175781,8.485280990600586,null,183.1999969482422,0.75,1377340305000
52.2189561,6.8986777,null,37,null,null,null,1377340302973
52.21870238,6.89856227,104.69999694824219,8.485280990600586,null,188,1,1377340306000
52.21868892,6.89855602,104.5999984741211,8.485280990600586,null,188,0,1377340307000
52.21868811,6.89855944,104.69999694824219,8.485280990600586,null,188,0,1377340308000
52.21869097,6.89855495,104.69999694824219,8.485280990600586,null,188,0,1377340309000
52.21869097,6.89855495,104.69999694824219,8.485280990600586,null,188,0.5,1377340310000
52.21870668,6.89852665,104.5,8.485280990600586,null,188,0,1377340311000
52.21870665,6.89852858,104.30000305175781,8.485280990600586,null,188,0,1377340312000
52.21870118,6.8985302,104.19999694824219,8.485280990600586,null,188,0,1377340313000
52.21870145,6.89852621,104.19999694824219,8.485280990600586,null,188,0,1377340314000
52.21870248,6.89852722,104.30000305175781,8.485280990600586,null,188,0,1377340315000
52.2186995,6.89852009,104.19999694824219,8.485280990600586,null,188,0,1377340316000
52.21869907,6.89852244,104.4000015258789,8.485280990600586,null,188,0,1377340317000
52.21869729,6.8985231,104.30000305175781,10,null,188,0,1377340318000
52.21869612,6.89852125,104.4000015258789,10,null,188,0,1377340319000
52.21869749,6.89851787,104.4000015258789,11.313708305358887,null,188,0,1377340320000
52.21869751,6.89851639,104.5999984741211,11.313708305358887,null,188,0,1377340321000
52.21869774,6.89851582,104.5999984741211,11.313708305358887,null,188,0,1377340322000
52.21869855,6.89851806,104.5,10,null,188,0,1377340323000
52.21869899,6.89851836,104.5,10,null,188,0,1377340324000
52.21869898,6.89851838,104.5,10,null,188,0,1377340325000
52.21869903,6.89851836,104.5,10,null,188,0,1377340326000
52.21869901,6.89851831,104.5,11.313708305358887,null,188,0,1377340327000
52.21869906,6.89851852,104.5,11.313708305358887,null,188,0,1377340328000
52.21869866,6.89851844,104.5,11.313708305358887,null,188,0,1377340329000
52.21869841,6.89851852,104.5,14.422204971313477,null,188,0,1377340330000
52.21869815,6.89851908,104.5,16.970561981201172,null,188,0,1377340331000
52.21869815,6.89851908,104.5,16.970561981201172,null,188,0.25,1377340332000
52.21871112,6.89855166,104.5,14.422204971313477,null,188,0,1377340333000
52.21870887,6.89854907,104.5999984741211,14.422204971313477,null,188,0,1377340334000
52.21870813,6.89854142,104.69999694824219,14.422204971313477,null,188,0,1377340335000
52.21871121,6.89854044,104.69999694824219,14.422204971313477,null,188,0,1377340336000
52.21871539,6.89854246,104.9000015258789,14.422204971313477,null,188,0,1377340337000
52.2187175,6.89854117,105.0999984741211,14.422204971313477,null,188,0,1377340338000
52.21872131,6.89854276,105.19999694824219,14.422204971313477,null,188,0,1377340339000
52.21871679,6.89853996,105.4000015258789,14.422204971313477,null,188,0,1377340340000
52.21871789,6.89854094,105.0999984741211,14.422204971313477,null,188,0,1377340341000
52.21871693,6.8985334,105.30000305175781,14.422204971313477,null,188,0,1377340342000
52.21871634,6.89853098,105.4000015258789,14.422204971313477,null,188,0,1377340343000
52.21871604,6.89852849,105.4000015258789,14.422204971313477,null,188,0,1377340344000
52.21871545,6.89852655,105.4000015258789,14.422204971313477,null,188,0,1377340345000
52.21871545,6.89852655,105.4000015258789,14.422204971313477,null,188,0.5,1377340346000
52.21870715,6.89851545,105.5999984741211,14.422204971313477,null,188,0,1377340347000
52.21870041,6.8985035,105.9000015258789,11.313708305358887,null,188,0,1377340348000
52.21870246,6.89849439,105.80000305175781,11.313708305358887,null,188,0,1377340349000
52.21870583,6.89849266,105.4000015258789,11.313708305358887,null,188,0,1377340350000
52.21870516,6.89849802,105.30000305175781,11.313708305358887,null,188,0,1377340351000
52.2186356,6.8983495,null,43,null,null,null,1377340349201
52.21870747,6.89849732,105.0999984741211,11.313708305358887,null,188,0,1377340352000
52.2187085,6.89849978,105.0999984741211,11.313708305358887,null,188,0,1377340353000
52.2186257,6.8983328,null,43,null,null,null,1377340353156
52.21871207,6.89850164,104.30000305175781,14.422204971313477,null,188,0,1377340356000
52.21871126,6.89850272,104.4000015258789,14.422204971313477,null,188,0,1377340357000
52.2187111,6.89850312,104.4000015258789,14.422204971313477,null,188,0,1377340358000
52.21871103,6.89850279,104.4000015258789,14.422204971313477,null,188,0,1377340359000
52.218711,6.89850303,104.4000015258789,11.313708305358887,null,188,0,1377340360000
52.21871181,6.89850228,104.4000015258789,13.416407585144043,null,188,0,1377340361000
52.21871195,6.89850227,104.4000015258789,14.422204971313477,null,188,0,1377340362000
52.21871202,6.89850128,104.5,14.422204971313477,null,188,0,1377340363000
52.21871208,6.89850136,104.5,14.422204971313477,null,188,0,1377340364000
52.21871222,6.89850147,104.5,14.422204971313477,null,188,0,1377340365000
52.21871225,6.89850146,104.5,14.422204971313477,null,188,0,1377340366000
52.21871189,6.89850141,104.5,14.422204971313477,null,188,0,1377340368000
52.21871206,6.89850117,104.5,14.422204971313477,null,188,0,1377340369000
52.21871206,6.89850117,104.5,16.970561981201172,null,188,0,1377340370000
52.21871238,6.89850117,104.5,16.970561981201172,null,188,0,1377340371000
52.21871303,6.89850094,104.5,20,null,188,0,1377340372000
52.21871365,6.89850082,104.5,20,null,188,0,1377340373000
52.21871347,6.89850107,104.5,20,null,188,0,1377340374000
52.21871406,6.89850099,104.5,20,null,188,0,1377340375000
52.21871412,6.89850091,104.5,22.627416610717773,null,188,0,1377340376000
52.21871424,6.89850065,104.5,22.627416610717773,null,188,0,1377340377000
52.21871397,6.89850046,104.5999984741211,22.627416610717773,null,188,0,1377340378000
52.21871439,6.89850169,104.4000015258789,20,null,188,0,1377340379000
52.21871413,6.89849735,104.80000305175781,16.970561981201172,null,188,0,1377340380000
52.21871402,6.89849718,104.80000305175781,16.970561981201172,null,188,0,1377340381000
52.21871395,6.89849321,105.19999694824219,16.970561981201172,null,188,0,1377340382000
52.21871312,6.8984874,105.80000305175781,14.422204971313477,null,188,0,1377340383000
52.21871316,6.89848921,105.5999984741211,14.422204971313477,null,188,0,1377340384000
52.21871313,6.89848947,105.5999984741211,13.416407585144043,null,188,0,1377340385000
52.21871319,6.89848938,105.5999984741211,13.416407585144043,null,188,0,1377340386000
52.21871341,6.89848953,105.5999984741211,13.416407585144043,null,188,0,1377340387000
52.21871317,6.89848985,105.5999984741211,10,null,188,0,1377340388000
52.2187129,6.89848971,105.5999984741211,10,null,188,0,1377340389000
52.21871284,6.89848933,105.69999694824219,10,null,188,0,1377340390000
52.21871317,6.89848918,105.69999694824219,10,null,188,0,1377340391000
52.21871357,6.89848947,105.69999694824219,10,null,188,0,1377340392000
52.21871364,6.89848877,105.69999694824219,8.9442720413208,null,188,0,1377340393000
52.21871389,6.89848836,105.80000305175781,8.9442720413208,null,188,0,1377340394000
52.21871395,6.89848816,105.80000305175781,8.9442720413208,null,188,0,1377340395000
52.21871395,6.89848816,105.80000305175781,8.9442720413208,null,42.900001525878906,0.75,1377340396000
52.21874363,6.89852077,104.5999984741211,8.9442720413208,null,37.5,1,1377340397000
52.21878306,6.89855344,103.69999694824219,8.9442720413208,null,37.5,0,1377340398000
52.21878602,6.89856334,103.5999984741211,8.9442720413208,null,37.5,0,1377340399000
52.21878602,6.89856334,103.5999984741211,8.9442720413208,null,23.399999618530273,1,1377340400000
52.21879136,6.89858458,103.5,8.9442720413208,null,23.799999237060547,1,1377340401000
52.2186413,6.8983482,null,43,null,null,null,1377340399288
52.21882533,6.89860205,102.5999984741211,8.9442720413208,null,16.700000762939453,1,1377340402000
52.21882979,6.89861041,102.5,8.9442720413208,null,10.899999618530273,1,1377340403000
52.21885703,6.89862037,101.9000015258789,8.9442720413208,null,6.099999904632568,1,1377340404000
52.2188772,6.89862889,101.80000305175781,8.9442720413208,null,11.300000190734863,1,1377340405000
52.21889353,6.89863411,101.80000305175781,8.9442720413208,null,15.199999809265137,1.25,1377340406000
52.21889704,6.8986451,101.5,8.9442720413208,null,14.100000381469727,1,1377340407000
52.21889858,6.89867129,101.0999984741211,8.9442720413208,null,21.399999618530273,1,1377340408000
52.21891137,6.89866984,101.80000305175781,8.9442720413208,null,21.399999618530273,1,1377340409000
52.21891317,6.89866529,101.9000015258789,8.9442720413208,null,21.399999618530273,0.75,1377340410000
52.21891629,6.89866256,102,8.9442720413208,null,21.399999618530273,0,1377340411000
52.21892108,6.89866449,102.0999984741211,8.9442720413208,null,21.399999618530273,0,1377340412000
52.21892311,6.89866757,102.0999984741211,8.9442720413208,null,21.399999618530273,0,1377340413000
52.21892314,6.89867271,102.5,8.9442720413208,null,21.399999618530273,0,1377340414000
52.21892209,6.8986737,102.5,8.9442720413208,null,21.399999618530273,0,1377340415000
52.21892529,6.89867923,102.80000305175781,13.416407585144043,null,21.399999618530273,0,1377340416000
52.21892672,6.89868068,102.9000015258789,13.416407585144043,null,21.399999618530273,0,1377340417000
52.21892455,6.89868359,102.69999694824219,13.416407585144043,null,21.399999618530273,0,1377340418000
52.21892525,6.89868515,102.5999984741211,13.416407585144043,null,21.399999618530273,0,1377340419000
52.21892526,6.89868455,102.69999694824219,13.416407585144043,null,21.399999618530273,0,1377340420000
52.21893133,6.89868365,102.5,13.416407585144043,null,21.399999618530273,0,1377340421000
52.21893133,6.89868365,102.5,13.416407585144043,null,1.2000000476837158,1,1377340422000
52.21897968,6.89871884,100.69999694824219,13.416407585144043,null,6.400000095367432,1,1377340423000
52.21901128,6.89872754,101,13.416407585144043,null,6.300000190734863,1.25,1377340424000
52.21904646,6.89873197,99.69999694824219,13.416407585144043,null,6.300000190734863,1.25,1377340425000
52.21906838,6.89875513,99.9000015258789,13.416407585144043,null,16.5,1,1377340427000
52.218999,6.8986036,null,36,null,null,null,1377340424506
52.21908154,6.89876615,99.80000305175781,13.416407585144043,null,15.100000381469727,1,1377340428000
52.2190256,6.8986373,null,33,null,null,null,1377340427912
52.2190362,6.898591,null,150,null,null,null,1377340429834
52.21909769,6.89879195,99.5,8.9442720413208,null,22.299999237060547,0.75,1377340433000
52.21911123,6.89878535,99.5999984741211,8.9442720413208,null,22.299999237060547,0.75,1377340434000
52.2190362,6.898591,null,150,null,null,null,1377340431585
52.21910536,6.89879697,99.4000015258789,8.9442720413208,null,22.299999237060547,0.75,1377340435000
52.21911931,6.89879302,99.5999984741211,8.9442720413208,null,22.299999237060547,0.75,1377340436000
52.21913261,6.89879842,99.9000015258789,13.416407585144043,null,22.299999237060547,0.75,1377340437000
52.2191312,6.89880847,99.5,13.416407585144043,null,22.299999237060547,0.5,1377340438000
52.219145,6.89880937,99.19999694824219,13.416407585144043,null,22.299999237060547,0.5,1377340439000
52.2191628,6.89881011,98.80000305175781,13.416407585144043,null,22.299999237060547,0.75,1377340440000
52.21917725,6.8987953,99.9000015258789,13.416407585144043,null,22.299999237060547,0.75,1377340441000
52.21917183,6.89878843,100,13.416407585144043,null,22.299999237060547,0.75,1377340442000
52.21918023,6.89878279,100.0999984741211,13.416407585144043,null,22.299999237060547,0.75,1377340443000
52.21919568,6.89876183,100.0999984741211,13.416407585144043,null,22.299999237060547,0.75,1377340444000
52.21919703,6.89877777,100.69999694824219,13.416407585144043,null,22.299999237060547,0.75,1377340445000
52.21921785,6.89877504,100.0999984741211,13.416407585144043,null,22.299999237060547,0,1377340446000
52.21923252,6.89876868,99.80000305175781,13.416407585144043,null,22.299999237060547,0,1377340447000
52.21922516,6.89877848,100,13.416407585144043,null,22.299999237060547,0,1377340448000
52.21923388,6.89877627,100.0999984741211,13.416407585144043,null,22.299999237060547,0,1377340449000
52.21922805,6.8987842,100.4000015258789,13.416407585144043,null,22.299999237060547,0,1377340450000
52.21922881,6.89878512,100.30000305175781,13.416407585144043,null,22.299999237060547,0,1377340451000
52.21923383,6.89877989,99.69999694824219,13.416407585144043,null,22.299999237060547,0,1377340452000
52.21923214,6.89878116,99.5999984741211,13.416407585144043,null,22.299999237060547,0,1377340453000
52.21923214,6.89878116,99.5999984741211,13.416407585144043,null,12.899999618530273,0.75,1377340454000
52.21924556,6.89879449,99.80000305175781,13.416407585144043,null,14.699999809265137,0.75,1377340455000
52.21926738,6.89878669,99.5,13.416407585144043,null,7.5,0.75,1377340456000
52.21927387,6.89877904,99.4000015258789,12.649110794067383,null,3.5,0.75,1377340457000
52.21928977,6.89878616,99.5999984741211,12.649110794067383,null,5.599999904632568,1,1377340458000
52.21930754,6.89878389,99.5999984741211,12.649110794067383,null,2.700000047683716,1,1377340459000
52.21932526,6.89879758,99.30000305175781,12.649110794067383,null,5.800000190734863,0.75,1377340460000
52.2193268,6.89880464,100.0999984741211,13.416407585144043,null,5.800000190734863,0.75,1377340461000
52.21935111,6.89881387,100.4000015258789,13.416407585144043,null,5.800000190734863,0.75,1377340462000
52.21935473,6.89881481,100.0999984741211,13.416407585144043,null,5.800000190734863,0.5,1377340463000
52.21937037,6.89881777,100.19999694824219,13.416407585144043,null,5.800000190734863,0.5,1377340464000
52.21939092,6.89881714,100.30000305175781,13.416407585144043,null,5.900000095367432,0.75,1377340465000
52.21941959,6.89883081,101,12.649110794067383,null,5.900000095367432,0,1377340466000
52.2194312,6.8988337,101.5,13.416407585144043,null,5.900000095367432,0,1377340467000
52.21944609,6.89883511,101.30000305175781,13.416407585144043,null,5.900000095367432,0,1377340468000
52.21945006,6.89883292,101.0999984741211,12.649110794067383,null,5.900000095367432,0,1377340469000
52.21945515,6.89883184,101.19999694824219,12.649110794067383,null,5.900000095367432,0,1377340470000
52.21945011,6.89883435,101.0999984741211,12.649110794067383,null,5.900000095367432,0,1377340471000
52.21945212,6.89883464,101,13.416407585144043,null,5.900000095367432,0,1377340472000
52.21945703,6.89883747,100.80000305175781,13.416407585144043,null,5.900000095367432,0,1377340473000
52.21946083,6.89884073,100.80000305175781,13.416407585144043,null,5.900000095367432,0,1377340474000
52.21945996,6.89884284,100.69999694824219,13.416407585144043,null,5.900000095367432,0,1377340475000
52.21945716,6.89884263,100.5,13.416407585144043,null,5.900000095367432,0,1377340476000
52.21945642,6.89884261,100.5,13.416407585144043,null,5.900000095367432,0,1377340477000
52.21945604,6.89884303,100.5,13.416407585144043,null,5.900000095367432,0,1377340478000
52.2194554,6.89884309,100.5999984741211,13.416407585144043,null,5.900000095367432,0,1377340479000
52.2190362,6.898591,null,150,null,null,null,1377340476607
52.21945705,6.89884365,100.69999694824219,13.416407585144043,null,5.900000095367432,0,1377340480000
52.21945768,6.89884315,100.69999694824219,13.416407585144043,null,5.900000095367432,0,1377340481000
52.21945882,6.89884423,100.9000015258789,13.416407585144043,null,5.900000095367432,0,1377340482000
52.21945856,6.89884433,100.9000015258789,13.416407585144043,null,5.900000095367432,0,1377340483000
52.21945856,6.89884433,100.9000015258789,13.416407585144043,null,5.900000095367432,0.5,1377340484000
52.21948304,6.89880716,101.19999694824219,13.416407585144043,null,5.900000095367432,0,1377340485000
52.21947793,6.89880306,101.30000305175781,13.416407585144043,null,5.900000095367432,0,1377340486000
52.21948888,6.89880204,101.0999984741211,13.416407585144043,null,5.900000095367432,0,1377340487000
52.21948705,6.89879943,100.9000015258789,13.416407585144043,null,5.900000095367432,0,1377340488000
52.21949237,6.89879573,100.9000015258789,13.416407585144043,null,5.900000095367432,0,1377340489000
52.21949855,6.8987835,100.5999984741211,13.416407585144043,null,5.900000095367432,0,1377340490000
52.21950061,6.89878373,100.4000015258789,12.649110794067383,null,5.900000095367432,0,1377340491000
52.21951364,6.89879303,100.80000305175781,12.649110794067383,null,5.900000095367432,0,1377340492000
52.21951918,6.89879205,100.80000305175781,13.416407585144043,null,5.900000095367432,0,1377340493000
52.2195184,6.89879194,100.69999694824219,13.416407585144043,null,5.900000095367432,0,1377340494000
52.21951805,6.89879243,100.69999694824219,13.416407585144043,null,5.900000095367432,0,1377340495000
52.21951936,6.89879207,100.69999694824219,13.416407585144043,null,5.900000095367432,0,1377340496000
52.21951967,6.89879227,100.80000305175781,13.416407585144043,null,5.900000095367432,0,1377340497000
52.21951981,6.89879222,100.80000305175781,13.416407585144043,null,5.900000095367432,0,1377340498000
52.21952078,6.89879262,100.9000015258789,13.416407585144043,null,5.900000095367432,0,1377340499000
52.21952396,6.89879229,101.0999984741211,12.649110794067383,null,5.900000095367432,0,1377340500000
52.21952604,6.89879194,101.19999694824219,12.649110794067383,null,5.900000095367432,0,1377340501000
52.21953015,6.89879318,101.5999984741211,8.9442720413208,null,5.900000095367432,0,1377340502000
52.21953015,6.89879318,101.5999984741211,8.9442720413208,null,5.900000095367432,0.5,1377340503000
52.21957864,6.8987763,103.5999984741211,8.9442720413208,null,5.900000095367432,0.75,1377340504000
52.21960598,6.89877568,103.69999694824219,8.9442720413208,null,326.8999938964844,0.75,1377340505000
52.21962699,6.89877922,105.30000305175781,8.9442720413208,null,328.29998779296875,0.75,1377340506000
52.21964634,6.89878755,104.5999984741211,8.9442720413208,null,328.29998779296875,0,1377340507000
52.21964126,6.89878235,104.0999984741211,8.9442720413208,null,328.29998779296875,0,1377340508000
52.21963556,6.8987778,104.19999694824219,8.9442720413208,null,328.29998779296875,0,1377340509000
52.21962223,6.89876809,104.30000305175781,8.9442720413208,null,328.29998779296875,0,1377340510000
52.21961344,6.89876251,104.4000015258789,8.9442720413208,null,328.29998779296875,0,1377340511000
52.21961493,6.89875562,104.5999984741211,8.9442720413208,null,328.29998779296875,0,1377340512000
52.21961456,6.89875258,104.5,8.9442720413208,null,328.29998779296875,0,1377340513000
52.21961361,6.89875027,104.5,8.9442720413208,null,328.29998779296875,0,1377340514000
52.21961775,6.89873555,104.0999984741211,8.9442720413208,null,328.29998779296875,0,1377340515000
52.21962312,6.89872665,103.69999694824219,8.9442720413208,null,328.29998779296875,0,1377340516000
52.21962266,6.89872454,103.5999984741211,8.9442720413208,null,328.29998779296875,0,1377340517000
52.2196176,6.89872346,103.5,8.9442720413208,null,328.29998779296875,0,1377340518000
52.21961749,6.89872337,103.5,6.7082037925720215,null,328.29998779296875,0,1377340519000
52.21961749,6.89872337,103.5,6.7082037925720215,null,328.29998779296875,0.5,1377340520000
52.21961852,6.89870188,101.5999984741211,8.9442720413208,null,328.29998779296875,0.5,1377340521000
52.21961975,6.8986691,101.9000015258789,8.5440034866333,null,328.29998779296875,0.75,1377340522000
52.2196106,6.89864234,99.0999984741211,6.7082037925720215,null,246.6999969482422,1.8027756214141846,1377340523000
52.21960369,6.8986201,97.9000015258789,6.7082037925720215,null,248.6999969482422,1.4142135381698608,1377340524000
52.2194915,6.8989757,null,172,null,null,null,1377340521683
52.21959965,6.89859893,96.69999694824219,6.7082037925720215,null,249.39999389648438,1.1180340051651,1377340525000
52.21959759,6.89857853,95.19999694824219,6.7082037925720215,null,257.29998779296875,1.1180340051651,1377340526000
52.21960187,6.89855751,95.5999984741211,6.7082037925720215,null,264,1.1180340051651,1377340527000
52.21959127,6.89854027,95.4000015258789,6.7082037925720215,null,238.39999389648438,1.346291184425354,1377340528000
52.21958191,6.89851001,94.0999984741211,6.7082037925720215,null,238.8000030517578,1.346291184425354,1377340529000
52.21958311,6.89848845,93.80000305175781,6.7082037925720215,null,240.5,1.346291184425354,1377340530000
52.2195808,6.89847839,94.0999984741211,6.7082037925720215,null,243.39999389648438,1,1377340531000
52.21957622,6.89846389,93.9000015258789,6.7082037925720215,null,248.60000610351562,1,1377340532000
52.21956993,6.89844742,93.4000015258789,6.7082037925720215,null,250.10000610351562,1,1377340533000
52.21956724,6.89843053,93.69999694824219,6.7082037925720215,null,247.8000030517578,1,1377340534000
52.21956372,6.89841083,93.5,6.7082037925720215,null,250.10000610351562,1,1377340535000
52.21955569,6.89839106,93.4000015258789,6.7082037925720215,null,250,1,1377340536000
52.21954639,6.89837915,93.80000305175781,6.7082037925720215,null,245.1999969482422,1,1377340537000
52.21954724,6.89836942,94.80000305175781,6.7082037925720215,null,240.89999389648438,1,1377340538000
52.21953687,6.89835738,95,6.7082037925720215,null,238.60000610351562,1,1377340539000
52.21951753,6.8983285,96.80000305175781,6.7082037925720215,null,233.3000030517578,1,1377340541000
52.2194915,6.8989757,null,172,null,null,null,1377340540147
52.2195039,6.89829222,97.9000015258789,8.5440034866333,null,230.5,1,1377340544000
52.21950612,6.89827629,97.4000015258789,8.9442720413208,null,238.60000610351562,1,1377340545000
52.2194852,6.8977343,null,150,null,null,null,1377340542555
52.21950178,6.89825856,97.30000305175781,8.9442720413208,null,239.5,1,1377340546000
52.21951067,6.89823925,97.4000015258789,8.9442720413208,null,246.10000610351562,0.75,1377340547000
52.2195063,6.89822877,97.80000305175781,8.9442720413208,null,247.1999969482422,0.75,1377340548000
52.21951066,6.89820403,97.80000305175781,8.9442720413208,null,247.1999969482422,0.75,1377340549000
52.21950554,6.8981875,97.9000015258789,8.9442720413208,null,246.6999969482422,0.75,1377340550000
52.21949237,6.89818063,97.69999694824219,8.9442720413208,null,232.3000030517578,0.75,1377340551000
52.2194994,6.89815855,97.5999984741211,8.9442720413208,null,237.89999389648438,0.75,1377340552000
52.21948831,6.89814198,97.4000015258789,8.9442720413208,null,232.39999389648438,1,1377340553000
52.21947725,6.89812731,97.5,8.9442720413208,null,234.10000610351562,1,1377340554000
52.21946309,6.8981177,97.30000305175781,10,null,234.10000610351562,0,1377340555000
52.21946255,6.89811412,97.0999984741211,10,null,234.10000610351562,0,1377340556000
52.21947215,6.89810389,97.0999984741211,10,null,234.10000610351562,0,1377340557000
52.21947854,6.89809648,97.19999694824219,10,null,234.10000610351562,0,1377340558000
52.21948385,6.89808711,96.9000015258789,10,null,234.10000610351562,0,1377340559000
52.2194826,6.89808456,96.69999694824219,10,null,234.10000610351562,0,1377340560000
52.21948773,6.89807789,96.5999984741211,10,null,234.10000610351562,0,1377340561000
52.21948957,6.89806821,96.5999984741211,10,null,234.10000610351562,0,1377340562000
52.21948633,6.8980626,96.80000305175781,10,null,234.10000610351562,0,1377340563000
52.21948859,6.89805361,96.9000015258789,10,null,234.10000610351562,0,1377340564000
52.21948978,6.89804647,97.30000305175781,10,null,234.10000610351562,0,1377340565000
52.21949143,6.89804246,97.4000015258789,10,null,234.10000610351562,0,1377340566000
52.21949264,6.89803886,97.5,10,null,234.10000610351562,0,1377340567000
52.21949306,6.89803794,97.5,10,null,234.10000610351562,0,1377340568000
52.21949386,6.89803746,97.5,8.9442720413208,null,234.10000610351562,0,1377340569000
52.21949382,6.89803688,97.5,8.9442720413208,null,234.10000610351562,0,1377340570000
52.21949359,6.89803652,97.5999984741211,8.9442720413208,null,234.10000610351562,0,1377340571000
52.2194942,6.89803653,97.5999984741211,8.9442720413208,null,234.10000610351562,0,1377340572000
52.2194946,6.89803684,97.5999984741211,8.9442720413208,null,234.10000610351562,0,1377340573000
52.21949405,6.89803661,97.80000305175781,8.9442720413208,null,234.10000610351562,0,1377340574000
52.21949461,6.89803647,97.80000305175781,8.9442720413208,null,234.10000610351562,0,1377340575000
52.21949452,6.898036,97.80000305175781,8.9442720413208,null,234.10000610351562,0,1377340576000
52.21949452,6.898036,97.80000305175781,8.9442720413208,null,234.10000610351562,0.5,1377340577000
52.21949688,6.89796089,97.80000305175781,10,null,234.10000610351562,0,1377340578000
52.21950073,6.89793559,98.19999694824219,8.9442720413208,null,234.10000610351562,0,1377340579000
52.21950073,6.89793559,98.19999694824219,8.9442720413208,null,275.79998779296875,1,1377340580000
52.21949717,6.89789702,98.80000305175781,8.9442720413208,null,271.79998779296875,1.25,1377340581000
52.21950828,6.8978324,99.5,8.9442720413208,null,275.1000061035156,1.25,1377340582000
52.21949622,6.89780339,100.5,8.9442720413208,null,272.70001220703125,1.25,1377340583000
52.21948121,6.8977571,100.9000015258789,8.9442720413208,null,263.3999938964844,1.25,1377340584000
52.21945201,6.89770915,100.5,8.9442720413208,null,257.79998779296875,1.25,1377340585000
52.21942585,6.89766458,99.19999694824219,7.211102485656738,null,253.89999389648438,1.25,1377340586000
52.21941092,6.89762076,98.4000015258789,7.211102485656738,null,249.3000030517578,1.25,1377340587000
52.21939936,6.89759482,97.9000015258789,7.211102485656738,null,247.10000610351562,1.25,1377340588000
52.2194852,6.8977343,null,150,null,null,null,1377340585996
52.21938609,6.89757346,98.30000305175781,7.211102485656738,null,246.8000030517578,1.25,1377340589000
52.21937727,6.89756557,97.19999694824219,7.211102485656738,null,239.8000030517578,1.25,1377340590000
52.21936355,6.89755905,96.80000305175781,6.7082037925720215,null,226.8000030517578,1,1377340591000
52.2193559,6.89754432,96.0999984741211,6.7082037925720215,null,230.6999969482422,1,1377340592000
52.2193533,6.89751874,96.19999694824219,8.9442720413208,null,243.8000030517578,1.25,1377340593000
52.21934425,6.89749262,95.9000015258789,8.9442720413208,null,247.6999969482422,1.25,1377340594000
52.21933325,6.89747808,95.9000015258789,8.9442720413208,null,243.1999969482422,1,1377340595000
52.21932571,6.89745079,95.4000015258789,8.9442720413208,null,243.10000610351562,1.25,1377340596000
52.21932098,6.89743336,94.80000305175781,8.9442720413208,null,248.89999389648438,1,1377340597000
52.21931234,6.89741419,95,8.9442720413208,null,247.39999389648438,1,1377340598000
52.21931609,6.89740175,95.19999694824219,8.9442720413208,null,250.6999969482422,1,1377340599000
52.2193093,6.89738606,95.30000305175781,8.9442720413208,null,243.89999389648438,1,1377340600000
52.21930486,6.89736979,94.4000015258789,8.9442720413208,null,248.1999969482422,1,1377340601000
52.21929773,6.89734343,94.30000305175781,8.9442720413208,null,247.1999969482422,1.25,1377340602000
52.21928941,6.89731404,94.0999984741211,6.7082037925720215,null,243.39999389648438,1.25,1377340603000
52.21927322,6.89730452,93.69999694824219,6.7082037925720215,null,243.5,1.25,1377340604000
52.21926653,6.89728507,93.4000015258789,6.7082037925720215,null,242.8000030517578,1.25,1377340605000
52.21927034,6.89727354,93.19999694824219,6.7082037925720215,null,244.6999969482422,1.25,1377340606000
52.21926538,6.89725606,93.0999984741211,6.7082037925720215,null,246.1999969482422,1.25,1377340607000
52.21926977,6.89724014,93,6.7082037925720215,null,247.8000030517578,1.25,1377340608000
52.21927502,6.89721529,92.0999984741211,6.7082037925720215,null,249.3000030517578,1.346291184425354,1377340609000
52.21926744,6.89720293,91.69999694824219,6.7082037925720215,null,248.6999969482422,1.346291184425354,1377340610000
52.21926539,6.89718513,91.4000015258789,6.7082037925720215,null,250.5,1.1180340051651,1377340611000
52.21926335,6.89717262,91,6.7082037925720215,null,251.60000610351562,1,1377340612000
52.21925869,6.89715939,91.4000015258789,6.7082037925720215,null,251.1999969482422,1,1377340613000
52.21926211,6.8971452,91.19999694824219,6.7082037925720215,null,250.5,0.75,1377340614000
52.21925483,6.89713457,91.19999694824219,6.7082037925720215,null,246.6999969482422,1,1377340615000
52.21925844,6.89712421,91.30000305175781,6.7082037925720215,null,248.89999389648438,1,1377340616000
52.2192554,6.8971065,91.0999984741211,6.7082037925720215,null,251,1,1377340617000
52.21924713,6.89709468,90.9000015258789,8.5440034866333,null,250.6999969482422,1,1377340618000
52.21924196,6.89707778,91,8.5440034866333,null,248.39999389648438,1,1377340619000
52.21923772,6.89706236,90.9000015258789,8.9442720413208,null,251.10000610351562,1,1377340620000
52.21923208,6.89704701,91,8.9442720413208,null,251.1999969482422,1,1377340621000
52.21922976,6.89701514,91.4000015258789,8.9442720413208,null,248.8000030517578,1,1377340622000
52.21923203,6.89698751,91.4000015258789,7.211102485656738,null,248.8000030517578,0,1377340623000
52.21923203,6.89698751,91.4000015258789,7.211102485656738,null,253.5,1,1377340624000
52.21924876,6.89694597,91.30000305175781,8.9442720413208,null,261.70001220703125,1.25,1377340625000
52.21924823,6.8969206,91.4000015258789,6.7082037925720215,null,253.89999389648438,1,1377340626000
52.21924883,6.89691479,92.4000015258789,6.7082037925720215,null,255.6999969482422,0.75,1377340627000
52.21926248,6.89690716,92.9000015258789,6.7082037925720215,null,255.6999969482422,0.75,1377340628000
52.21926886,6.8968865,93,6.7082037925720215,null,255.6999969482422,0.75,1377340629000
52.21926873,6.89687239,93.4000015258789,6.7082037925720215,null,255.6999969482422,0.75,1377340630000
52.21927059,6.89688099,93.80000305175781,6.7082037925720215,null,255.6999969482422,0.7071067690849304,1377340631000
52.21927779,6.89687915,94.19999694824219,6.7082037925720215,null,255.6999969482422,0.5,1377340632000
52.21927661,6.89687757,94.4000015258789,6.7082037925720215,null,255.6999969482422,0.5,1377340633000
52.21928284,6.89687778,94.30000305175781,6.7082037925720215,null,255.6999969482422,0,1377340634000
52.2192829,6.89687912,94.30000305175781,6.7082037925720215,null,255.6999969482422,0,1377340635000
52.21928602,6.89687862,94.19999694824219,7.211102485656738,null,255.6999969482422,0,1377340636000
52.2192891,6.89687968,94.0999984741211,7.211102485656738,null,255.6999969482422,0,1377340637000
52.21928964,6.89687837,94.0999984741211,7.211102485656738,null,255.6999969482422,0,1377340638000
52.2192846,6.89687437,94.19999694824219,8.9442720413208,null,255.6999969482422,0,1377340639000
52.21927961,6.89687206,94.4000015258789,8.9442720413208,null,255.6999969482422,0,1377340640000
52.21927764,6.89687094,94.30000305175781,8.9442720413208,null,255.6999969482422,0,1377340641000
52.21927562,6.89687051,94.19999694824219,8.9442720413208,null,255.6999969482422,0,1377340642000
52.21927447,6.89687126,94.30000305175781,8.9442720413208,null,255.6999969482422,0,1377340643000
52.21927452,6.89687102,94.30000305175781,8.9442720413208,null,255.6999969482422,0,1377340644000
52.21927443,6.89686985,94.19999694824219,8.9442720413208,null,255.6999969482422,0,1377340645000
52.21927419,6.89686872,94.19999694824219,8.9442720413208,null,255.6999969482422,0,1377340646000
52.21927419,6.89686872,94.19999694824219,8.9442720413208,null,255.6999969482422,0.75,1377340647000
52.21922913,6.89684924,93.30000305175781,8.9442720413208,null,251.60000610351562,0.5,1377340651000
52.2192114,6.8962535,null,28,null,null,null,1377340648564
52.21921516,6.89684308,92.80000305175781,8.9442720413208,null,251.60000610351562,0.75,1377340652000
52.21921997,6.89684844,92.19999694824219,8.9442720413208,null,99.30000305175781,0.9013878107070923,1377340653000
52.21921945,6.8968525,91.5999984741211,7.211102485656738,null,99.30000305175781,0.9013878107070923,1377340654000
52.21923647,6.89685626,91.4000015258789,7.211102485656738,null,100.4000015258789,0.9013878107070923,1377340655000
52.21922692,6.89686519,91.4000015258789,7.211102485656738,null,103.5999984741211,0.75,1377340656000
52.21922568,6.89688011,90.9000015258789,7.211102485656738,null,103.5999984741211,0.75,1377340657000
52.21923366,6.89687662,91.0999984741211,6.7082037925720215,null,103.5999984741211,0,1377340658000
52.21923268,6.89687372,90.80000305175781,6.7082037925720215,null,103.5999984741211,0,1377340659000
52.21923268,6.89687413,91.0999984741211,6.7082037925720215,null,103.5999984741211,0,1377340660000
52.21923187,6.89687305,91.30000305175781,6.7082037925720215,null,103.5999984741211,0,1377340661000
52.21923187,6.89687305,91.30000305175781,6.7082037925720215,null,103.5999984741211,0.25,1377340662000
52.21922764,6.89687369,90.9000015258789,5,null,103.5999984741211,0,1377340663000
52.21922473,6.89687415,91.5,5,null,103.5999984741211,0,1377340664000
52.2192251,6.89687352,91.5,5,null,103.5999984741211,0,1377340665000
52.2192251,6.89687352,91.5,5,null,103.5999984741211,0.9013878107070923,1377340666000
52.2192275,6.89687945,91.5999984741211,5,null,103.5999984741211,0.7071067690849304,1377340667000
52.21922787,6.89687934,91.69999694824219,5,null,103.5999984741211,0,1377340668000
52.2192274,6.89687727,91.69999694824219,5,null,103.5999984741211,0,1377340669000
52.21922628,6.89687628,91.69999694824219,6.7082037925720215,null,103.5999984741211,0,1377340670000
52.21922779,6.89687239,91.5999984741211,6.7082037925720215,null,103.5999984741211,0,1377340671000
52.2192281,6.89687199,91.69999694824219,7.211102485656738,null,103.5999984741211,0,1377340672000
52.21922899,6.89687223,91.69999694824219,7.211102485656738,null,103.5999984741211,0,1377340673000
52.21923073,6.89687118,91.80000305175781,7.211102485656738,null,103.5999984741211,0,1377340674000
52.21923064,6.89687035,91.9000015258789,8.9442720413208,null,103.5999984741211,0,1377340675000
52.21922969,6.89687126,91.80000305175781,8.9442720413208,null,103.5999984741211,0,1377340676000
52.21922902,6.89687238,91.80000305175781,8.9442720413208,null,103.5999984741211,0,1377340677000
52.21922836,6.89686658,91.19999694824219,7.211102485656738,null,103.5999984741211,0,1377340678000
52.21922888,6.8968622,90.5,7.211102485656738,null,103.5999984741211,0,1377340679000
52.21922875,6.89686162,90.4000015258789,7.211102485656738,null,103.5999984741211,0,1377340680000
52.21922873,6.89686137,90.4000015258789,7.211102485656738,null,103.5999984741211,0,1377340681000
52.2192287,6.89686125,90.4000015258789,7.211102485656738,null,103.5999984741211,0,1377340682000
52.21922868,6.8968611,90.30000305175781,7.211102485656738,null,103.5999984741211,0,1377340683000
52.21922866,6.89686097,90.30000305175781,8.9442720413208,null,103.5999984741211,0,1377340684000
52.21922865,6.8968609,90.30000305175781,10,null,103.5999984741211,0,1377340685000
52.21922866,6.89686087,90.30000305175781,10,null,103.5999984741211,0,1377340686000
52.21922865,6.89686084,90.30000305175781,10,null,103.5999984741211,0,1377340687000
52.21922864,6.8968608,90.30000305175781,10,null,103.5999984741211,0,1377340688000
52.21922865,6.89686077,90.30000305175781,10,null,103.5999984741211,0,1377340689000
52.21922865,6.89686074,90.30000305175781,13.416407585144043,null,103.5999984741211,0,1377340691000
52.21922865,6.89686072,90.30000305175781,13.416407585144043,null,103.5999984741211,0,1377340692000
52.21922864,6.89686075,90.30000305175781,13.416407585144043,null,103.5999984741211,0,1377340693000
52.21922865,6.89686074,90.30000305175781,13.416407585144043,null,103.5999984741211,0,1377340694000
52.21922928,6.8968613,90.4000015258789,13.416407585144043,null,103.5999984741211,0,1377340695000
52.2191909,6.8963392,null,26,null,null,null,1377340691700
52.21922926,6.89686127,90.4000015258789,13.416407585144043,null,103.5999984741211,0,1377340696000
52.21922925,6.89686125,90.4000015258789,13.416407585144043,null,103.5999984741211,0,1377340697000
52.21922926,6.89686124,90.4000015258789,14.422204971313477,null,103.5999984741211,0,1377340698000
52.21922926,6.89686121,90.4000015258789,14.422204971313477,null,103.5999984741211,0,1377340699000
52.21922922,6.89686115,90.4000015258789,14.422204971313477,null,103.5999984741211,0,1377340700000
52.21922921,6.8968611,90.4000015258789,13.416407585144043,null,103.5999984741211,0,1377340701000
52.21922978,6.8968616,90.5,14.422204971313477,null,103.5999984741211,0,1377340702000
52.21922977,6.89686158,90.5,14.422204971313477,null,103.5999984741211,0,1377340703000
52.21922979,6.89686157,90.5,14.422204971313477,null,103.5999984741211,0,1377340704000
52.21922987,6.89686145,90.5,13.416407585144043,null,103.5999984741211,0,1377340706000
52.21922987,6.89686134,90.5,13.416407585144043,null,103.5999984741211,0,1377340707000
52.21922986,6.89686129,90.5,13.416407585144043,null,103.5999984741211,0,1377340708000
52.21922979,6.89686132,90.5,13.416407585144043,null,103.5999984741211,0,1377340709000
52.21922977,6.89686137,90.5,13.416407585144043,null,103.5999984741211,0,1377340710000
52.21922977,6.89686135,90.5,13.416407585144043,null,103.5999984741211,0,1377340711000
52.21922973,6.89686128,90.5,13.416407585144043,null,103.5999984741211,0,1377340712000
52.21923024,6.89686552,91.19999694824219,13.416407585144043,null,103.5999984741211,0,1377340713000
52.21923024,6.89686553,91.19999694824219,13.416407585144043,null,103.5999984741211,0,1377340714000
52.21923027,6.89686553,91.19999694824219,13.416407585144043,null,103.5999984741211,0,1377340715000
52.21923024,6.89686554,91.19999694824219,13.416407585144043,null,103.5999984741211,0,1377340716000
52.21923122,6.89686641,91.4000015258789,10,null,103.5999984741211,0,1377340717000
52.21923121,6.8968664,91.4000015258789,10,null,103.5999984741211,0,1377340718000
52.21923119,6.8968664,91.4000015258789,10,null,103.5999984741211,0,1377340719000
52.21923119,6.89686641,91.4000015258789,10,null,103.5999984741211,0,1377340720000
52.21923118,6.89686639,91.4000015258789,10,null,103.5999984741211,0,1377340721000
52.21923118,6.89686637,91.4000015258789,10,null,103.5999984741211,0,1377340722000
52.2192312,6.89686638,91.4000015258789,10,null,103.5999984741211,0,1377340723000
52.21923119,6.89686639,91.4000015258789,8.9442720413208,null,103.5999984741211,0,1377340724000
52.21923114,6.89686643,91.4000015258789,8.9442720413208,null,103.5999984741211,0,1377340725000
52.21923111,6.89686644,91.4000015258789,7.211102485656738,null,103.5999984741211,0,1377340726000
52.21923133,6.89686664,91.4000015258789,7.211102485656738,null,103.5999984741211,0,1377340727000
52.21923133,6.89686664,91.4000015258789,7.211102485656738,null,103.5999984741211,0,1377340728000
52.21923132,6.89686663,91.4000015258789,8.9442720413208,null,103.5999984741211,0,1377340729000
52.21923206,6.89686727,91.5,8.9442720413208,null,103.5999984741211,0,1377340730000
52.21923204,6.89686726,91.5,8.9442720413208,null,103.5999984741211,0,1377340731000
52.21923201,6.89686729,91.5,8.9442720413208,null,103.5999984741211,0,1377340732000
52.21923202,6.89686727,91.5,8.9442720413208,null,103.5999984741211,0,1377340733000
52.21923202,6.89686727,91.5,8.9442720413208,null,103.5999984741211,0,1377340734000
52.219232,6.89686722,91.5,12.649110794067383,null,103.5999984741211,0,1377340735000
52.21923304,6.89686507,91.30000305175781,8.9442720413208,null,103.5999984741211,0,1377340736000
52.21923232,6.89686603,91.4000015258789,8.9442720413208,null,103.5999984741211,0,1377340737000
52.21923232,6.89686603,91.4000015258789,8.9442720413208,null,103.5999984741211,0.25,1377340738000
52.21922283,6.89686822,91.5,8.9442720413208,null,103.5999984741211,0,1377340739000
52.21922379,6.89686657,91,8.9442720413208,null,103.5999984741211,0,1377340740000
52.21922577,6.89686596,91,8.9442720413208,null,103.5999984741211,0,1377340741000
52.2192122,6.8963387,null,29,null,null,null,1377340738378
52.21922555,6.89686477,90.80000305175781,8.9442720413208,null,103.5999984741211,0,1377340742000
52.21922632,6.89686406,90,8.9442720413208,null,103.5999984741211,0,1377340743000
52.2192238,6.89686431,90,8.5440034866333,null,103.5999984741211,0,1377340744000
52.21922871,6.89687388,90.4000015258789,6.7082037925720215,null,103.5999984741211,0,1377340745000
52.21922656,6.89687756,90.30000305175781,6.7082037925720215,null,103.5999984741211,0,1377340746000
52.2192242,6.89687958,90.19999694824219,6.7082037925720215,null,103.5999984741211,0,1377340748000
52.21922219,6.89687838,90.0999984741211,7.211102485656738,null,103.5999984741211,0,1377340749000
52.21922223,6.89687849,90.0999984741211,7.211102485656738,null,103.5999984741211,0,1377340750000
52.21922215,6.89687844,90.0999984741211,7.211102485656738,null,103.5999984741211,0,1377340751000
52.21922207,6.89687841,90.0999984741211,8.9442720413208,null,103.5999984741211,0,1377340752000
52.21922207,6.89687841,90.0999984741211,8.9442720413208,null,103.5999984741211,0.75,1377340753000
52.21922584,6.89686429,91.69999694824219,8.9442720413208,null,103.5999984741211,0.5,1377340754000
52.21922123,6.89684606,91.69999694824219,8.9442720413208,null,103.5999984741211,0.75,1377340755000
52.21923609,6.89681944,91.69999694824219,8.9442720413208,null,276,0.75,1377340756000
52.21922481,6.89679647,91.69999694824219,8.9442720413208,null,265.29998779296875,0.75,1377340757000
52.21921418,6.89675117,91.5,8.9442720413208,null,262.1000061035156,1,1377340759000
52.21921957,6.89672797,94.5999984741211,8.9442720413208,null,292.70001220703125,1.6770509481430054,1377340760000
52.21921732,6.89670494,96,7.211102485656738,null,294.70001220703125,1.25,1377340761000
52.21920898,6.89668224,97.5999984741211,7.211102485656738,null,294.70001220703125,0.9013878107070923,1377340763000
52.21920532,6.89666076,98.30000305175781,7.211102485656738,null,286.8999938964844,0.9013878107070923,1377340764000
52.21918555,6.89663678,98.0999984741211,7.211102485656738,null,269.70001220703125,1,1377340765000
52.2191784,6.89661644,98.19999694824219,7.211102485656738,null,263.3999938964844,1,1377340766000
52.21918213,6.89659248,97.9000015258789,8.9442720413208,null,268.3999938964844,1,1377340767000
52.2191817,6.89657764,97.5,8.9442720413208,null,264.8999938964844,1,1377340768000
52.21917168,6.89656089,97.69999694824219,6.7082037925720215,null,244.60000610351562,1,1377340769000
