Latitude,Longitude,Altitude,Accuracy,Altitude Accuracy,Heading,Speed,Timestamp
52.2410793,6.8522443,null,427,null,null,null,1377338113464
52.22206452,6.89031398,97.5,4.242640495300293,null,64.69999694824219,0,1377338113000
52.22206453,6.89031401,97.4000015258789,3.605551242828369,null,64.69999694824219,0,1377338114000
52.22207949,6.89033203,97,3.605551242828369,null,64.69999694824219,0,1377338135000
52.22209558,6.89034468,95.80000305175781,3.605551242828369,null,64.69999694824219,0,1377338140000
52.22209334,6.89035025,95.19999694824219,2.8284270763397217,null,64.69999694824219,0,1377338154000
52.2410793,6.8522443,null,427,null,null,null,1377338159056
52.22209323,6.89035035,95.0999984741211,2.8284270763397217,null,64.69999694824219,0,1377338159000
52.22208107,6.89037339,95.5,3.605551242828369,null,64.69999694824219,0,1377338170000
