Latitude,Longitude,Altitude,Accuracy,Altitude Accuracy,Heading,Speed,Timestamp
52.220999898270776,6.893501243218083,94.59420370161168,6,null,107.92996215820312,0,1377338902999
52.221017474689006,6.893444308288906,94.0826972373157,8,null,160.1040802001953,0,1377338931999
52.22095752535717,6.893382107792732,94.24472675614027,12,null,194.3838653564453,2.088102102279663,1377338938999
52.220844567685376,6.893294458379399,94.03961980142077,16,null,176.51907348632812,2.576648712158203,1377338943999
52.22081481543356,6.893275856972751,94.00606142096261,12,null,187.74778747558594,2.681788444519043,1377338944999
52.22072582886031,6.89318559329148,93.79199710013411,16,null,200.6864776611328,2.911769390106201,1377338947999
52.22068263172777,6.893176063290521,92.42648797886059,12,null,182.20314025878906,3.077082872390747,1377338948999
52.22057538691294,6.893121495577219,90.75780220365162,16,null,196.57728576660156,3.3153724670410156,1377338951999
52.22045067028512,6.893047132536965,89.98821967700754,16,null,196.14866638183594,3.6021652221679688,1377338954999
