Latitude,Longitude,Altitude,Accuracy,Altitude Accuracy,Heading,Speed,Timestamp
52.217758828774095,6.893416726961732,100.70001220703125,10,null,330,0.6255000233650208,1377338109000
52.21781125757843,6.893375739455223,100.0999755859375,10,null,343,1.063349962234497,1377338116000
52.21785589121282,6.893317652866244,100,10,null,345,1.376099944114685,1377338121000
52.21790136303753,6.893262667581439,99.5999755859375,10,null,336,1.0008000135421753,1377338125000
52.21794712822884,6.893208269029856,98.9000244140625,10,null,329,1.3135499954223633,1377338130000
52.21801300998777,6.893171472474933,99.5999755859375,10,null,339,1.1884499788284302,1377338135000
52.218072060495615,6.893128724768758,99.79998779296875,5,null,340,1.5637500286102295,1377338140000
52.2181306919083,6.893097208812833,99.79998779296875,10,null,341,1.0008000135421753,1377338148000
52.21822163555771,6.893099723383784,99.0999755859375,10,null,2,1.5637500286102295,1377338159000
