Latitude,Longitude,Altitude,Accuracy,Altitude Accuracy,Heading,Speed,Timestamp
52.2181173,6.8974125,null,1050,null,null,null,1377340383162
52.219848148065566,6.896215910000135,91.4679032931072,8,null,6.956600666046143,0,1377340383999
52.219845428015255,6.896219182352876,91.46776792714002,6,null,6.956600666046143,0,1377340384999
52.219814249464584,6.896261619626794,90.97644689828185,8,null,141.55145263671875,0,1377340395999
52.21976813746171,6.896212287573416,90.47529856697075,8,null,239.3960418701172,0.8416070938110352,1377340414999
52.219753017223965,6.896176503080114,90.52162822220438,6,null,211.07449340820312,0.8411151766777039,1377340418999
52.219736230036354,6.896116750381172,90.30998787990644,8,null,260.78973388671875,0,1377340426999
52.21973360323189,6.896091428842616,90.32075625193896,6,null,225.6156768798828,0.4754140377044678,1377340428999
52.21971418583528,6.896033624354798,90.47884292689899,8,null,217.96534729003906,0,1377340438999
