Latitude,Longitude,Altitude,Accuracy,Altitude Accuracy,Heading,Speed,Timestamp
52.21948775153741,6.900298211353551,94.6324259751653,4,null,56.96712875366211,1.1316438913345337,1377336615000
52.21950294898438,6.9003217860532144,94.37196845516982,4,null,60.56370544433594,1.0810890197753906,1377336617000
52.219513912606295,6.900347590455799,94.090152732309,4,null,57.471012115478516,1.0123666524887085,1377336619000
52.21955190510617,6.9003247397375995,92.67705855748217,6,null,340.1949157714844,0.8796878457069397,1377336634000
52.21955910635396,6.900318293186678,92.54228021673522,4,null,340.6282958984375,0.8556990623474121,1377336635000
52.219589685025255,6.900279378486853,91.83846662859247,6,null,321.8873596191406,0.8566069006919861,1377336639000
52.2196284730146,6.900252432272378,90.94245008449566,6,null,339.4597473144531,0.7867075800895691,1377336644000
52.219632924892025,6.900226974095321,90.81844701682623,4,null,339.4597473144531,0,1377336652000
52.21962675314346,6.900280455200807,90.26579148645544,6,null,96.52931213378906,0,1377336662000
