Latitude,Longitude,Altitude,Accuracy,Altitude Accuracy,Heading,Speed,Timestamp
52.21769522258476,6.900198966783732,94.73314782566598,12,null,179.5892791748047,1.2145663499832153,1377336875000
52.2175981732088,6.900217085950699,95.65196385166963,12,null,193.09207153320312,1.2054665088653564,1377336881000
52.217564066239795,6.900228212928494,95.8939758400077,8,null,185.7963409423828,1.1548988819122314,1377336884000
52.21746236973558,6.900244532529165,96.36023144477473,12,null,192.4640655517578,0,1377336894000
52.21743941191303,6.900258280431989,96.74954482057443,8,null,209.78854370117188,0.9835443496704102,1377336896000
52.217337027689695,6.900268702454407,98.48361501863425,12,null,195.1049041748047,1.054850697517395,1377336903000
52.21722409607014,6.900227651927874,101.04833724942891,12,null,217.17138671875,0.9519825577735901,1377336914000
52.217143056172496,6.900190407761133,103.05343918801348,12,null,161.07757568359375,1.0410082340240479,1377336921000
52.21707252212986,6.900142059362218,105.58314938325121,12,null,204.4745330810547,0.9342420697212219,1377336929000
