Latitude,Longitude,Altitude,Accuracy,Altitude Accuracy,Heading,Speed,Timestamp
52.22014168390446,6.894409332717331,93.15140415437908,6,null,189.7490692138672,0.30872470140457153,1377340867999
52.22016972294715,6.894359986647124,92.60083181821008,8,null,318.4652099609375,0,1377340885999
52.220240287002525,6.894302295788042,93.48578023261356,12,null,353.1758728027344,0.9046534299850464,1377340894999
52.22027882303238,6.8942592969180625,93.97707447932382,8,null,354.4159240722656,1.0115485191345215,1377340897999
52.220333941490686,6.894216080508943,94.07691464656023,8,null,5.800657749176025,1.230359673500061,1377340900999
52.22036583164199,6.894174644887889,94.1128439524548,8,null,349.25860595703125,1.0771361589431763,1377340904999
52.220421501207724,6.894150252603666,93.90390088089727,8,null,337.8272705078125,0.894507646560669,1377340911999
52.2204737082535,6.894129990782423,93.31222214356009,8,null,344.6737060546875,0.7031795978546143,1377340918999
52.22051366199246,6.894095457590427,93.05074685173118,8,null,347.0771179199219,0.7753499746322632,1377340922999
