Latitude,Longitude,Altitude,Accuracy,Altitude Accuracy,Heading,Speed,Timestamp
52.2209485,6.8924493,null,21,null,null,null,1377337186436
52.220976180396974,6.892204033210874,96.4000244140625,30,null,265,2.689650058746338,1377337181000
52.22088888287544,6.89195953309536,98,35,null,249,3.0024001598358154,1377337187000
52.220817133784294,6.8917125184088945,99.0999755859375,35,null,248,3.377699851989746,1377337192000
52.220806698314846,6.891665579751134,99.20001220703125,30,null,249,3.315150022506714,1377337193000
52.22076780628413,6.8914200738072395,98.20001220703125,30,null,252,2.5645501613616943,1377337199000
52.220834945328534,6.891169119626284,98.4000244140625,30,null,285,2.1892499923706055,1377337205000
52.2210362,6.8914886,null,42.766998291015625,null,null,null,1377337228618
52.221075422130525,6.891038613393903,99.9000244140625,25,null,348,3.0649499893188477,1377337213000
