Latitude,Longitude,Altitude,Accuracy,Altitude Accuracy,Heading,Speed,Timestamp
52.22047368530184,6.898570926859975,94.4000244140625,15,null,327,0.5004000067710876,1377340009000
52.22054937388748,6.898649213835597,94,15,null,356,1.4386500120162964,1377340017000
52.220661314204335,6.898673940449953,94.20001220703125,15,null,358,2.6270999908447266,1377340022000
52.220771284773946,6.898716604337096,94.5,15,null,19,1.5637500286102295,1377340028000
52.2202369,6.8987266,null,34.5,null,null,null,1377340046793
52.22085066139698,6.8987739365547895,95,15,null,24,1.6262999773025513,1377340032000
52.2209170460701,6.89885507337749,93.4000244140625,15,null,25,0.8131499886512756,1377340036000
52.2206794,6.8987727,null,30,null,null,null,1377340063295
52.22098292782903,6.898895725607872,94.20001220703125,15,null,49,0.4378499984741211,1377340048000
