Latitude,Longitude,Altitude,Accuracy,Altitude Accuracy,Heading,Speed,Timestamp
52.219680631533265,6.895997263491154,102.5999755859375,10,null,152,1.6262999773025513,1377336758000
52.2196104330942,6.8960244208574295,102.0999755859375,10,null,165,0.5629500150680542,1377336765000
52.219556579366326,6.896066581830382,101.5999755859375,10,null,154,1.4386500120162964,1377336769000
52.21951060462743,6.8961177952587605,102.79998779296875,10,null,136,1.376099944114685,1377336774000
52.2193966107443,6.896148724481463,104.9000244140625,15,null,161,0.7506000399589539,1377336785000
52.21930168569088,6.896190298721194,104.4000244140625,15,null,175,0.8131499886512756,1377336793000
52.21921304706484,6.8962388299405575,103.5,15,null,154,1.1884499788284302,1377336799000
52.219163845293224,6.89623111858964,103.0999755859375,10,null,182,1.1259000301361084,1377336804000
52.21908547449857,6.8962491396814585,103.29998779296875,10,null,165,1.063349962234497,1377336810000
