Latitude,Longitude,Altitude,Accuracy,Altitude Accuracy,Heading,Speed,Timestamp
52.21942825242877,6.900176061317325,97.79998779296875,10,null,254,1.2510000467300415,1377338504000
52.21940905787051,6.900082686915994,97.70001220703125,10,null,257,1.0008000135421753,1377338508000
52.21940436400473,6.8999960180372,98.79998779296875,10,null,259,1.1884499788284302,1377338512000
52.21937926020473,6.89992711879313,100.70001220703125,10,null,280,0.37530001997947693,1377338516000
52.219304577447474,6.899905242025852,100.5999755859375,10,null,182,1.2510000467300415,1377338524000
52.219216944649816,6.899897279217839,99.4000244140625,10,null,194,1.2510000467300415,1377338533000
52.2191270487383,6.899912701919675,98.79998779296875,10,null,163,1.4386500120162964,1377338542000
52.21900840289891,6.89993298612535,98.29998779296875,15,null,192,1.0008000135421753,1377338551000
52.21892382949591,6.899995012208819,98,15,null,165,1.1884499788284302,1377338557000
