Latitude,Longitude,Altitude,Accuracy,Altitude Accuracy,Heading,Speed,Timestamp
52.2180448,6.8976554,null,35.672000885009766,null,null,null,1377338857754
52.218379634432495,6.898456513881683,94.79998779296875,5,null,331,0.4378499984741211,1377338859000
52.21835830248892,6.89842265099287,95.29998779296875,5,null,210,0.8131499886512756,1377338866000
52.21830734051764,6.898377723991871,96.9000244140625,10,null,215,1.1259000301361084,1377338873000
52.218114,6.8977711,null,45.01499938964844,null,null,null,1377338877673
52.21825910266489,6.898343609645963,97,10,null,193,0.7506000399589539,1377338879000
52.218212792649865,6.898279236629605,97.4000244140625,10,null,213,0.9382500052452087,1377338885000
52.21814242657274,6.898209834471345,96.5,15,null,224,1.2510000467300415,1377338894000
52.21802968997508,6.898131463676691,95.5999755859375,20,null,208,0.8756999969482422,1377338908000
