Latitude,Longitude,Altitude,Accuracy,Altitude Accuracy,Heading,Speed,Timestamp
52.21812547,6.89579982,95.9000015258789,10,null,105.4000015258789,1.5,1377337757000
52.21810648,6.89588323,94.0999984741211,10,null,102.5,1.75,1377337760000
52.21812121,6.89599278,94.19999694824219,10,null,78.9000015258789,2.25,1377337763000
52.21813253,6.89607787,94.9000015258789,10,null,84.30000305175781,2.5,1377337765000
52.21814431,6.89616186,93.9000015258789,10,null,81.4000015258789,2.5,1377337767000
52.21815506,6.89627573,92.9000015258789,10,null,82,2.25,1377337770000
52.21815765,6.89638432,96.80000305175781,10,null,88.5,1.5,1377337774000
52.2181784,6.89646198,98.80000305175781,10,null,70.30000305175781,1,1377337779000
52.21815374,6.89649589,93.4000015258789,9,null,null,0,1377337783000
