Question,Answer,Latitude,Longitude,Altitude,Accuracy,Altitude Accuracy,Heading,Speed,Timestamp
1,A,52.22081917095098,6.895419614502932,107.70920220375086,6,null,170.0925750732422,0,1377335888000
2,1,30,52.22120863654814,6.895181640925634,83.11259353131102,8,null,41.322593688964844,0,1377336104000
3,D,52.221245026884034,6.895161077752235,77.67830229835087,16,null,195.0241241455078,0,1377336161000
4,B,52.2224000818981,6.895805698967848,103.17135453544016,16,null,154.62887573242188,0,1377336330000
5,B,52.221993819903744,6.896693700610995,100.5739032102926,12,null,122.55181121826172,0,1377336469000
6,D,52.22241057508981,6.890910439473624,85.38415515108527,8,null,234.68606567382812,0,1377336933000
7,C,52.22017951028404,6.887238449948922,79.50257620159122,8,null,260.16534423828125,0,1377337347000
8,DIENST UITVOERING ONDERWIJS,52.2202242920342,6.887187821859662,83.86149085067146,12,null,12.054852485656738,0,1377337434000
9,B,52.219328122284075,6.8936579560275755,89.95091606878516,8,null,107.2151107788086,0,1377337743000
10,1,00,52.219753028557726,6.896269581647274,89.56118879860088,6,null,155.73828125,0,1377337981000
11,C,52.22062103516873,6.89535409057402,89.30673474177046,6,null,284.70245361328125,0,1377338081000
12,C,52.221487524186344,6.8975760326296,91.730287941216,8,null,51.60878372192383,0.48797088861465454,1377338196000
13,A,52.21948699101423,6.900454393149481,105.87412328085583,32,null,null,0,1377338490554
14,BLAUW,52.219220143414304,6.896483151706502,86.76706930708232,6,null,303.3307189941406,0,1377338688000
15,C,52.216657304320506,6.889602750566713,93.61802572596143,12,null,154.3548126220703,0,1377338961000
16,A,52.21752776154553,6.896157024198345,121.24254268256726,16,null,132.91371154785156,0,1377339203000
17,C,52.21752776154553,6.896157024198345,119.74265575878866,12,null,132.91371154785156,0,1377339221000
18,MIJERS,52.21752776154553,6.896157024198345,116.57525891677953,12,null,132.91371154785156,0,1377339263000
