Latitude,Longitude,Altitude,Accuracy,Altitude Accuracy,Heading,Speed,Timestamp
52.22011246,6.89561552,86.30000305175781,3,null,165.8000030517578,1.25,1377339935000
52.22008122,6.8956389,86.69999694824219,3,null,160.60000610351562,1.5,1377339937000
52.22006583,6.89565062,86.19999694824219,3,null,159.10000610351562,1.5,1377339938000
52.22003956,6.89566641,86.30000305175781,4,null,162.8000030517578,1.25,1377339940000
52.22003661,6.89566864,86.5,3,null,null,0,1377339941000
52.22001474,6.89567982,86.69999694824219,3,null,161.60000610351562,1.25,1377339943000
52.21998638,6.89567921,87.80000305175781,3,null,168.3000030517578,0.75,1377339947000
52.2202562,6.8955256,null,20,null,null,null,1377339950424
52.21997102,6.89568046,87,4,null,184.60000610351562,0.75,1377339952000
52.21994742,6.89568427,87.69999694824219,3,null,175.8000030517578,1,1377339955000
52.21991457,6.89569407,87.9000015258789,3,null,172.60000610351562,1,1377339958000
52.21990047,6.89570266,89.30000305175781,3,null,168.89999389648438,1.25,1377339959000
52.21987145,6.89572441,89.19999694824219,4,null,168.89999389648438,1.25,1377339961000
52.21983815,6.8957526,89.69999694824219,4,null,166.8000030517578,1.25,1377339963000
52.21982104,6.8957665,89.80000305175781,3,null,164.5,1.25,1377339964000
52.21980512,6.89577996,89.4000015258789,3,null,162.8000030517578,1.25,1377339965000
52.21978954,6.89579409,89.9000015258789,3,null,160.10000610351562,1.5,1377339966000
52.21977386,6.89580846,90.80000305175781,3,null,158.89999389648438,1.25,1377339967000
52.21975995,6.89582155,90.4000015258789,3,null,158.3000030517578,1.25,1377339968000
52.21974512,6.89583584,91,3,null,155.89999389648438,1.5,1377339969000
52.21973091,6.89584878,91.4000015258789,3,null,155.5,1.5,1377339970000
52.2202581,6.8956479,null,30,null,null,null,1377339970685
52.21970437,6.89586849,90.69999694824219,3,null,157.5,1.5,1377339972000
52.21968221,6.8958832899999996,90.5,3,null,159.10000610351562,1.25,1377339974000
52.2196464,6.89587542,89.0999984741211,4,null,191.8000030517578,1,1377339979000
52.21961571,6.89588771,90.19999694824219,4,null,167.89999389648438,1.25,1377339982000
52.21959332,6.89589959,88.9000015258789,3,null,165.6999969482422,1.25,1377339984000
52.2192612,6.8962082,null,757,null,null,null,1377339983377
52.2195832,6.89590659,88.69999694824219,4,null,163.39999389648438,1.25,1377339985000
52.21954985,6.89592678,87.69999694824219,3,null,164.60000610351562,1.25,1377339988000
52.2195293,6.89594179,87.19999694824219,3,null,166.89999389648438,1,1377339990000
52.21951971,6.89594922,87.30000305175781,4,null,162.1999969482422,1,1377339991000
52.21951116,6.89595521,86.9000015258789,4,null,164,0.75,1377339992000
52.21950203,6.89596255,86.5,4,null,160.39999389648438,1,1377339993000
52.21948106,6.89598257,86,4,null,154.5,1.25,1377339995000
52.21945212,6.89602471,84.4000015258789,5,null,139.1999969482422,1.75,1377339997000
52.21943974,6.89604119,85.80000305175781,4,null,140.89999389648438,1.75,1377339998000
52.21941558,6.89606372,86.80000305175781,4,null,149.8000030517578,1.25,1377340000000
52.21937723,6.8960762,86.5,4,null,167.39999389648438,1.25,1377340003000
52.21934858,6.89609888,87.30000305175781,4,null,160,1,1377340005000
52.21932505,6.89613775,88.19999694824219,3,null,140.8000030517578,1,1377340007000
52.21931689,6.8961607,89.0999984741211,3,null,125.69999694824219,0.75,1377340008000
52.21931058,6.89618268,89.0999984741211,3,null,117.30000305175781,0.75,1377340009000
52.2167476,6.8966618,null,814,null,null,null,1377340008332
52.21930573,6.896205,89.19999694824219,3,null,107.9000015258789,1,1377340010000
52.2179345,6.897043,null,814,null,null,null,1377340009000
52.21930092,6.89622269,87,3,null,109.30000305175781,0.75,1377340011000
52.21928715,6.89625689,86.30000305175781,3,null,118.69999694824219,0.75,1377340013000
52.21928083,6.89629233,84.5999984741211,3,null,99.5999984741211,0.75,1377340015000
52.21927922,6.89632023,84.30000305175781,3,null,87.80000305175781,0.75,1377340017000
52.21927377,6.89634255,84.9000015258789,3,null,87.80000305175781,0.75,1377340019000
52.21926368,6.89635973,84.9000015258789,3,null,null,0,1377340028000
52.21920622,6.89634875,84.80000305175781,6,null,194,1,1377340198000
52.21914421,6.89636275,84.4000015258789,7,null,175.6999969482422,1,1377340203000
52.21906591,6.89632647,84.5,11,null,206.3000030517578,1,1377340212000
52.2189524,6.89631318,85,14,null,161.5,1,1377340221000
52.21884634,6.89634497,84.19999694824219,13,null,165.60000610351562,1.75,1377340224000
52.21882268,6.89635247,83.5,12,null,169.3000030517578,1.75,1377340225000
52.21878856,6.89637901,83.5,10,null,167.60000610351562,1.5,1377340227000
52.21878212,6.89639678,83.30000305175781,9,null,164.1999969482422,1.25,1377340228000
52.21876623,6.89643018,86.19999694824219,8,null,161.10000610351562,0.75,1377340230000
52.21871386,6.89645874,87.5999984741211,8,null,161.10000610351562,0.75,1377340234000
52.21866822,6.89648577,87.5,7,null,160.39999389648438,1,1377340237000
52.21862694,6.89650819,87.0999984741211,7,null,161.3000030517578,1,1377340240000
52.2185635,6.89656179,86.69999694824219,11,null,150.8000030517578,1,1377340247000
52.21853299,6.89658533,86.4000015258789,10,null,148.6999969482422,1.25,1377340249000
52.2184722,6.89658459,86.5999984741211,9,null,163.89999389648438,1,1377340253000
52.21839106,6.89660062,87.0999984741211,9,null,162.60000610351562,1.25,1377340258000
52.21830378,6.89661006,87.4000015258789,10,null,166.3000030517578,1.25,1377340263000
52.21828462,6.89661229,89.0999984741211,8,null,165.5,1.25,1377340265000
52.2182075,6.89662232,96.80000305175781,8,null,176.5,1.25,1377340272000
52.21819999,6.89661827,96.0999984741211,6,null,181.89999389648438,1,1377340273000
52.21817918,6.89661277,93.9000015258789,5,null,171.6999969482422,1,1377340276000
52.21814462,6.8966351,95.4000015258789,5,null,null,0,1377340282000
52.21812657,6.89662658,94.5,4,null,201.10000610351562,0.5,1377340285000
52.2167522,6.8966831,null,858,null,null,null,1377340284021
52.21812876,6.89661517,92.9000015258789,3,null,201.10000610351562,0.5,1377340286000
52.21813192,6.89660461,93.0999984741211,4,null,201.10000610351562,0.5,1377340287000
52.21814231,6.89658443,94.9000015258789,3,null,201.10000610351562,0.25,1377340289000
52.21812707,6.89659694,93.0999984741211,3,null,201.10000610351562,0.5,1377340296000
52.21812,6.89660082,91.30000305175781,3,null,201.10000610351562,0.5,1377340297000
52.21811171,6.89660316,89.5999984741211,3,null,201.10000610351562,0.5,1377340298000
52.21809145,6.89661184,89.69999694824219,3,null,168.3000030517578,0.75,1377340300000
52.21806066,6.89661978,90.4000015258789,3,null,169.89999389648438,0.75,1377340303000
52.21807999,6.89660243,94.30000305175781,4,null,319.8999938964844,1,1377340309000
52.21807259,6.8965998,94.0999984741211,3,null,319.8999938964844,0.5,1377340310000
52.21803229,6.89661273,94.80000305175781,3,null,170.6999969482422,1,1377340313000
52.21800528,6.89660701,90.5999984741211,3,null,191.3000030517578,1,1377340315000
52.21798918,6.89659568,88.19999694824219,4,null,202,1.25,1377340316000
52.21797282,6.89658233,87.30000305175781,4,null,210.1999969482422,1.5,1377340317000
52.21793733,6.89656393,88.30000305175781,5,null,200.39999389648438,1,1377340320000
52.21793095,6.89656431,87.9000015258789,5,null,196.89999389648438,0.75,1377340321000
52.21789298,6.89658785,88.0999984741211,6,null,178,0.5,1377340327000
52.21788805,6.89659098,87.9000015258789,5,null,178,0.5,1377340328000
52.21784962,6.89660934,90.0999984741211,5,null,164.39999389648438,0.75,1377340333000
52.21781904,6.89663624,90.69999694824219,6,null,null,0,1377340339000
52.21781313,6.89665177,90.5,5,null,null,0,1377340344000
52.21781406,6.89665448,90.69999694824219,4,null,null,0,1377340347000
52.21781434,6.89665549,90.5,5,null,null,0,1377340348000
52.21781468,6.89665903,90.9000015258789,4,null,null,0,1377340349000
52.2173243,6.8987371,null,759,null,null,null,1377340350938
52.21781536,6.89666713,91.19999694824219,4,null,null,0,1377340352910
52.2177824,6.89665042,92.30000305175781,5,null,null,0,1377340405000
52.21778229,6.89665268,92.4000015258789,4,null,null,0,1377340408000
