Latitude,Longitude,Altitude,Accuracy,Altitude Accuracy,Heading,Speed,Timestamp
52.22076150627989,6.896689071134194,87.0877101092311,4,null,123.87664794921875,0.8869304060935974,1377336701999
52.220753680779836,6.896701730515228,87.02657390431531,6,null,133.2528839111328,0.8966337442398071,1377336702999
52.220745675018776,6.89671213494535,86.97436457442905,6,null,141.30978393554688,0.8956362009048462,1377336703999
52.22073916587298,6.8967209195498596,86.91399444097297,6,null,142.5394287109375,0.8919122815132141,1377336704999
52.220732666298055,6.896727885181745,86.83681994089602,8,null,151.5789794921875,0.8755487203598022,1377336705999
52.2207272760754,6.896737803007393,86.71112406437213,8,null,126.05615997314453,0.8740048408508301,1377336706999
52.220722798460656,6.896747709105587,86.60703022570861,8,null,121.71495056152344,0.8831149935722351,1377336707999
52.22071872927498,6.896758581872882,86.55664784633673,6,null,114.39725494384766,0.887448787689209,1377336708999
52.2207097238481,6.896779727610995,86.54393433069178,6,null,119.0859375,0.9617717862129211,1377336709999
52.220694906573115,6.896810690156863,86.54266525123542,6,null,125.10786437988281,1.131163477897644,1377336710999
52.220684269548784,6.896834813015111,86.52059384626301,8,null,126.74193572998047,1.2297168970108032,1377336711999
52.22067042599507,6.896862108698704,86.51865869647636,8,null,130.73196411132812,1.293723702430725,1377336712999
52.22065726430425,6.896888250320555,86.52778387492803,8,null,127.29944610595703,1.3596129417419434,1377336713999
52.22064171754427,6.896926206609257,86.5077059690997,8,null,123.2485580444336,1.396583080291748,1377336714999
52.22063167186865,6.896945890870944,86.5394518572631,6,null,128.39097595214844,1.4241491556167603,1377336715999
52.22062231284105,6.896966994687907,86.51832185671256,6,null,126.43519592285156,1.4204521179199219,1377336716999
52.220614301628565,6.896979750260883,86.50553082610023,6,null,137.55535888671875,1.3760409355163574,1377336717999
52.22060825482293,6.896988224062654,86.50428605742822,6,null,136.89834594726562,1.356480598449707,1377336718999
52.220606201789636,6.89699231090703,86.51362573883033,6,null,124.44115447998047,1.3339343070983887,1377336719999
52.22060317818706,6.896996981706984,86.5613842202831,6,null,118.42745208740234,1.3329094648361206,1377336720999
52.220595290763,6.897011416231635,86.65655476113399,6,null,124.75699615478516,1.320752501487732,1377336721999
52.22058706351917,6.897020501666874,86.80037350137069,6,null,148.43075561523438,1.30641508102417,1377336722999
52.22058142525376,6.897031984763428,86.92681327479777,6,null,132.22897338867188,1.2761465311050415,1377336723999
52.22057074422236,6.897048215237959,87.07255361479925,6,null,137.68943786621094,1.2704341411590576,1377336724999
52.220561257064304,6.89706042195408,87.16985844266563,6,null,147.41648864746094,1.2661004066467285,1377336725999
52.22055237590606,6.897075279396321,87.30055541021524,6,null,139.1699676513672,1.2773257493972778,1377336726999
52.220545994488745,6.897083511558733,87.45744857211119,6,null,147.7891845703125,1.2894871234893799,1377336727999
52.22053775412967,6.897096731548215,87.57858003357792,6,null,136.94422912597656,1.275306224822998,1377336728999
52.22053116991816,6.897106829470638,87.67232131131148,8,null,130.01937866210938,1.2454060316085815,1377336729999
52.22052516840166,6.897115325340773,87.74251714616292,6,null,139.1044158935547,1.2115565538406372,1377336730999
52.220515582739466,6.897128703636093,87.84308670641656,6,null,144.33331298828125,1.1931616067886353,1377336731999
52.22051083159228,6.897151732186039,87.90964594400884,6,null,108.2293930053711,1.1784735918045044,1377336732999
52.22050495278769,6.897161654990403,88.02610758171691,6,null,142.05735778808594,1.1907857656478882,1377336733999
52.220500833030705,6.8971768926995916,88.16586597073457,6,null,120.37112426757812,1.2088873386383057,1377336734999
52.220493696070434,6.897190329186367,88.25703944979159,6,null,139.36224365234375,1.2029709815979004,1377336735999
52.220488840375246,6.8971977484931335,88.37061037705759,6,null,147.9317626953125,1.1869161128997803,1377336736999
52.220479427987314,6.89721360994197,88.44318213737913,6,null,145.4519805908203,1.1708917617797852,1377336737999
52.220471918409864,6.897234688993809,88.49941494736419,6,null,128.9709014892578,1.1693263053894043,1377336738999
52.22046478726508,6.897255260573573,88.47652557250095,6,null,129.77206420898438,1.1687322854995728,1377336739999
52.22045686133206,6.897268125346955,88.48967672984305,6,null,148.2680206298828,1.1793371438980103,1377336740999
52.220454067256064,6.897273789554641,88.52627054400567,6,null,151.3414306640625,1.1902234554290771,1377336741999
52.22045068939825,6.897284619748092,88.57225428758221,6,null,130.26370239257812,1.173672080039978,1377336742999
52.220446150842356,6.897300844322321,88.6233139176411,6,null,124.52274322509766,1.1519521474838257,1377336743999
52.220442245836125,6.8973189752304025,88.70363119011695,8,null,122.36292266845703,1.134413480758667,1377336744999
52.22043887206286,6.897338158097345,88.8081535028238,8,null,116.75653839111328,1.1102648973464966,1377336745999
52.220436599810164,6.897381172142562,88.9211388274461,4,null,94.67072296142578,1.1096490621566772,1377336746999
52.22043397141316,6.897408549884603,89.00625856868743,4,null,100.77808380126953,1.1026593446731567,1377336747999
52.22042561140431,6.897432600240397,89.12562816928083,4,null,126.6103286743164,1.0939538478851318,1377336748999
52.2204213483772,6.897452371139764,89.18321950290562,4,null,118.97915649414062,1.0985496044158936,1377336749999
52.220420528927015,6.897466496179325,89.23103558691942,6,null,114.48514556884766,1.0971931219100952,1377336750999
52.220421336050975,6.89747654282114,89.29939143377563,6,null,109.45767211914062,1.0807985067367554,1377336751999
52.22042337210309,6.89748953881588,89.37977483141144,6,null,87.22200775146484,1.0412677526474,1377336752999
52.220427718909086,6.8975025850279605,89.46768624100208,6,null,44.387413024902344,1.0228209495544434,1377336753999
52.22043073445722,6.897514457006691,89.51876231341403,6,null,42.732086181640625,1.014548420906067,1377336754999
52.22045190399992,6.8975583111594,89.75725843381272,6,null,38.142181396484375,1.0327507257461548,1377336758999
52.220461793308765,6.897568278374929,89.86818317806228,6,null,24.47719383239746,1.0117493867874146,1377336759999
