Latitude,Longitude,Altitude,Accuracy,Altitude Accuracy,Heading,Speed,Timestamp
52.22051169523842,6.897590406707343,90.26031606571051,6,null,12.118139266967773,1.0330525636672974,1377336764999
52.22052735513929,6.89759682205082,90.32279421880479,6,null,17.160097122192383,1.0499945878982544,1377336765999
52.220538693758044,6.897599620335766,90.36129183528877,6,null,21.15004539489746,1.0567131042480469,1377336766999
52.22054910727717,6.897600082270779,90.35681062654291,6,null,10.700100898742676,1.0600224733352661,1377336767999
52.220558525130194,6.897602491813319,90.35310829245671,6,null,26.5028133392334,1.0365492105484009,1377336768999
52.22056849731366,6.897605781809201,90.33911069295027,6,null,29.869220733642578,1.0512841939926147,1377336769999
52.22058202662639,6.8976096455056854,90.35952308553577,6,null,28.000173568725586,1.0663501024246216,1377336770999
52.22059629401028,6.897617893341574,90.40009539425243,6,null,35.30097961425781,1.087700366973877,1377336771999
52.22060755469068,6.897628156500383,90.45958313088624,6,null,36.908023834228516,1.1138081550598145,1377336772999
52.22062414695477,6.897645354603906,90.47424688379405,6,null,36.51539611816406,1.130091905593872,1377336773999
52.22063571970948,6.897662705722009,90.45722812836155,6,null,46.26969528198242,1.1392223834991455,1377336774999
52.22064967523418,6.897682276054083,90.43913973928622,6,null,42.63704299926758,1.1645746231079102,1377336775999
52.22066111419822,6.897700157878463,90.38122964895835,6,null,46.091434478759766,1.1865360736846924,1377336776999
52.22067099390649,6.89772107473223,90.31333205491933,6,null,55.654239654541016,1.2042393684387207,1377336777999
52.220679888316646,6.897740334042469,90.24629474295206,8,null,55.49894714355469,1.2087914943695068,1377336778999
52.22068566066442,6.897751913209894,90.21309225403402,8,null,57.74884033203125,1.2130074501037598,1377336779999
52.22069422527508,6.897772411718409,90.16901676952949,8,null,56.22380065917969,1.2236286401748657,1377336780999
52.22070217108625,6.89779127040605,90.09632230282584,6,null,56.93421173095703,1.2140146493911743,1377336781999
52.22071082855567,6.8978082130257325,90.02445962648949,6,null,52.63936233520508,1.2059285640716553,1377336782999
52.220721514454446,6.8978268734808585,89.95645399827652,6,null,49.24789810180664,1.203173041343689,1377336783999
52.220730674434726,6.897843849184424,89.89362989042716,6,null,54.59232711791992,1.202295184135437,1377336784999
52.22073640535612,6.897857699448362,89.84372561198441,6,null,61.81148910522461,1.1982955932617188,1377336785999
52.22074465098548,6.897871273833318,89.79980337043764,6,null,57.10340881347656,1.1927940845489502,1377336786999
52.22075811188925,6.897881702555973,89.75356471739322,6,null,35.60222244262695,1.2090104818344116,1377336787999
52.220768363480694,6.8978916386887095,89.7162877527663,6,null,42.200679779052734,1.2033326625823975,1377336788999
52.220782542400535,6.89790787535221,89.69901507838661,4,null,48.11299514770508,1.1997134685516357,1377336789999
52.22079224076265,6.897922580463436,89.70907396521723,6,null,58.8905143737793,1.197676181793213,1377336790999
52.220800520943435,6.897938857205445,89.7418537156157,6,null,62.91927719116211,1.1912153959274292,1377336791999
52.22081175555498,6.897959253079674,89.7958949051241,6,null,58.010929107666016,1.1923404932022095,1377336792999
52.22082030614829,6.897971401160171,89.86505729688871,6,null,56.55520248413086,1.2055631875991821,1377336793999
52.22083074987859,6.897987739620032,89.95703401539704,6,null,52.911006927490234,1.2099295854568481,1377336794999
52.22083880279618,6.897999629667573,89.98236203294964,6,null,56.09707260131836,1.1947985887527466,1377336795999
52.22084526936721,6.898014528397536,89.99952081064058,6,null,66.78706359863281,1.201967716217041,1377336796999
52.22085264590705,6.8980258203373275,89.97582197589635,6,null,47.83796691894531,1.2026135921478271,1377336797999
52.22085465704067,6.898027966146649,90.00166827095417,8,null,44.7526969909668,1.1909899711608887,1377336798999
52.220861930395344,6.898036369442724,90.06160001109701,4,null,34.822139739990234,1.2123814821243286,1377336799999
52.220874022817036,6.898049443536787,90.11429470621829,6,null,30.331146240234375,1.2236484289169312,1377336800999
52.22088287755434,6.898061616391633,90.17108602752164,6,null,34.56270980834961,1.2252992391586304,1377336801999
52.22088853409209,6.8980758651533405,90.18657012072836,6,null,45.58186721801758,1.2212603092193604,1377336802999
52.22089362835431,6.898098360624132,90.19836892851734,6,null,65.39221954345703,1.202617883682251,1377336803999
52.22089779022293,6.898109659281855,90.20435515450053,6,null,44.27705383300781,1.2019051313400269,1377336804999
52.22090264471999,6.898124975387543,90.21939129595646,6,null,48.9234504699707,1.184132695198059,1377336805999
52.22091060792362,6.898141839521937,90.19246210114774,6,null,42.16490173339844,1.189566969871521,1377336806999
52.22091765606088,6.898158638078509,90.10117713324281,6,null,38.58441925048828,1.1854584217071533,1377336807999
52.22092039990002,6.898167990989649,90.05040070803354,4,null,41.795318603515625,1.1717034578323364,1377336808999
52.220927070329424,6.898179928498622,90.01542541450203,6,null,34.53797149658203,1.1313633918762207,1377336809999
52.22092936630142,6.898187319322441,90.07622509463683,6,null,24.340436935424805,1.1033250093460083,1377336810999
52.2209322297627,6.898189096323078,90.15167810332207,6,null,359.0377197265625,1.0911449193954468,1377336811999
52.220935179837156,6.8981913305543845,90.25393402436383,6,null,351.748046875,1.069790005683899,1377336812999
52.22092699424783,6.898197068685748,90.3416540613278,4,null,355.82037353515625,1.0699691772460938,1377336813999
52.22093223844747,6.898201447536453,90.41004583859053,6,null,358.1980895996094,1.1026796102523804,1377336814999
52.22094190502997,6.89820590261048,90.45881539879882,6,null,356.55755615234375,1.1160680055618286,1377336815999
52.220949309232495,6.898207702230386,90.49236228278049,6,null,351.5709228515625,1.1247962713241577,1377336816999
52.220955330981745,6.898208058833851,90.5246179401326,6,null,342.6890563964844,1.116902232170105,1377336817999
52.22096497094002,6.898206693878621,90.57122056961097,6,null,343.4165344238281,1.0931689739227295,1377336818999
52.22098179234039,6.898204325283113,90.63286077958175,6,null,348.2613220214844,1.0851125717163086,1377336819999
52.2209965797889,6.898201985646505,90.67305827353532,6,null,347.45037841796875,1.0770213603973389,1377336820999
52.22100635001925,6.898198290817313,90.6819525771992,6,null,334.85772705078125,1.0378282070159912,1377336821999
52.22101330531262,6.898197721445218,90.6613913721274,6,null,1.955059289932251,1.0014822483062744,1377336822999
52.22101922892878,6.898203341487419,90.66876422095936,6,null,39.67283248901367,0.9792964458465576,1377336823999
52.22102014264924,6.89820265760712,90.67216485591857,6,null,39.67283248901367,0,1377336824999
52.22102349834898,6.898203448672675,90.67494968398145,12,null,39.67283248901367,0,1377336825999
52.221027614605354,6.898211481430066,90.67726599301565,12,null,70.17180633544922,0,1377336826999
52.22103204427082,6.898219121944341,90.68376011470957,8,null,49.95930862426758,0,1377336827999
52.22103396384671,6.898221619419238,90.68588732858909,8,null,49.95930862426758,0,1377336828999
52.221035842848984,6.898224757994538,90.68802437189925,8,null,49.95930862426758,0,1377336829999
52.22105072789552,6.898251864306709,90.77082645877385,12,null,49.756526947021484,0,1377336832999
52.221053851404015,6.898257834076072,90.74051959406344,12,null,49.96296310424805,0,1377336833999
52.22105707459963,6.898264949118999,90.70942998413301,12,null,52.0455322265625,0,1377336834999
52.22105826725653,6.898268646832642,90.68394602326195,12,null,52.0455322265625,0,1377336835999
52.22106041252632,6.898273538118478,90.65421245325004,16,null,51.53157043457031,0,1377336836999
52.22106283660369,6.898273824711799,90.65241420024793,16,null,51.53157043457031,0,1377336837999
52.22106283660369,6.898273824711799,90.65241420024793,16,null,51.53157043457031,0,1377336838999
52.22106283660369,6.898273824711799,90.65241420024793,16,null,51.53157043457031,0,1377336839999
52.22154672571352,6.897079434129529,103.86085049532305,48,null,null,0,1377337630148
52.221413840735394,6.897392641831583,84.33976358870777,16,null,null,0,1377337631185
52.221413840735394,6.897392641831583,92.77559572880511,12,null,null,0,1377337636188
52.221413840735394,6.897392641831583,91.23900131849429,6,null,null,0,1377337636999
52.22153966243156,6.897391335434849,89.62448134271935,4,null,null,0,1377337645999
52.22156544100184,6.897338678124531,90.39458216587902,6,null,null,1.0515210628509521,1377337650999
52.22158300018032,6.897301627222348,91.15406345440826,6,null,null,1.2839913368225098,1377337652999
52.22159936873349,6.897257918593714,91.1523424902882,4,null,304.8809509277344,1.2074509859085083,1377337654999
52.22161704990034,6.897210907861105,91.31897949643252,6,null,304.92694091796875,1.2479362487792969,1377337656999
52.22163062729379,6.897169265212914,89.97471828651743,6,null,304.5882873535156,1.152723789215088,1377337658999
52.22163620000962,6.897153421095767,89.94972256277975,4,null,303.5526428222656,1.1500991582870483,1377337659999
52.22164787898108,6.8971109427351385,89.83376423750535,6,null,299.7558898925781,1.1638298034667969,1377337661999
52.221659995289585,6.897063181840423,90.0795738465462,4,null,297.7808837890625,1.2035319805145264,1377337664999
52.22166272761405,6.896996648743546,90.27375658501921,6,null,291.7876281738281,1.2227362394332886,1377337668999
52.22167603316966,6.896940680151148,90.10479257211229,6,null,300.90533447265625,1.1836881637573242,1377337671999
52.22169083616935,6.896884748945414,89.85961753652754,6,null,299.46697998046875,1.1720199584960938,1377337674999
52.22170202388648,6.896840071438509,89.75593617451109,6,null,275.9383850097656,1.2046420574188232,1377337676999
52.221714515732636,6.896796343787443,89.60611604799921,6,null,280.8511962890625,1.241553783416748,1377337678999
52.22174001093979,6.896738035084823,89.43071801946802,8,null,294.45050048828125,1.2421398162841797,1377337681999
52.22174964383197,6.896718669380797,89.23898835713211,6,null,292.35009765625,1.2480480670928955,1377337683999
52.221765822127196,6.896680686971153,89.09416926132641,6,null,297.0171203613281,1.253603458404541,1377337685999
52.22178544058116,6.896618538823768,89.24896426171986,6,null,287.4246826171875,1.3059812784194946,1377337688999
52.22179382279669,6.896569408030626,89.45692345708875,6,null,289.66912841796875,1.288179874420166,1377337690999
52.2218034821123,6.896518963604015,89.60070354342484,6,null,275.23992919921875,1.2727758884429932,1377337693999
52.221809871842424,6.8964632159892725,89.60279181406487,6,null,266.7667541503906,1.2541238069534302,1377337696999
52.22181846663138,6.896402030682207,89.53168407423139,6,null,279.21923828125,1.253502368927002,1377337699999
52.221815141485074,6.896324665004231,89.44993861064806,6,null,279.4324645996094,1.2833318710327148,1377337703999
52.221816896765645,6.896304356516456,89.43767460097209,4,null,283.7329406738281,1.281999945640564,1377337704999
52.221820433004595,6.896265615716886,89.42277419837018,4,null,273.3661193847656,1.2946478128433228,1377337706999
52.22181948029428,6.896197118187953,89.41125959581073,6,null,272.1384582519531,1.3204559087753296,1377337709999
52.221821541905456,6.896132343258776,89.47027047563112,6,null,279.8426208496094,1.3195297718048096,1377337712999
52.22182222480389,6.896057738493873,89.60750494208887,6,null,274.0065002441406,1.315936803817749,1377337715999
52.22181830047169,6.895999693573851,89.77965219453225,6,null,271.9245910644531,1.332760214805603,1377337718999
52.22181267634682,6.8959418015624685,89.85601373155664,6,null,265.77166748046875,1.3043859004974365,1377337721999
52.221824312642305,6.895888039897729,89.77313272734621,6,null,273.16864013671875,1.2904540300369263,1377337724999
52.221845977002715,6.895840980973142,89.26995302476313,6,null,278.8018493652344,1.319277286529541,1377337728999
52.22185568429309,6.895794654705991,88.82606504409199,6,null,271.0763854980469,1.3102995157241821,1377337731999
52.22185538884229,6.895777457333431,88.74218592697427,4,null,251.65765380859375,1.282575249671936,1377337732999
52.22184933929325,6.895695769957486,88.31261992505462,8,null,263.431640625,1.2166603803634644,1377337736999
52.22184463993909,6.895634310189587,87.9183698644136,6,null,271.0042419433594,1.1584073305130005,1377337739999
52.221848148467366,6.895556211976589,87.87508931569647,8,null,286.5534973144531,1.1651407480239868,1377337743999
52.22184906447641,6.895532682122132,87.8289741705959,4,null,281.8625793457031,1.1512006521224976,1377337744999
52.22185137996432,6.895460442109322,87.89131697844851,6,null,275.23358154296875,1.1605464220046997,1377337747999
52.221858725607675,6.895406038060625,88.04302823984614,6,null,288.9637451171875,1.138407826423645,1377337750999
52.221866787171706,6.8953519399636605,88.27078670609593,6,null,285.9225158691406,1.0136034488677979,1377337753999
52.221869496419586,6.895294463476034,88.49842476928511,6,null,254.5717010498047,0.9085444808006287,1377337756999
52.22187254386949,6.895231449025522,88.68495690889071,6,null,279.85137939453125,0.8952460289001465,1377337758999
52.221886114847266,6.895171132046065,88.74163907278333,4,null,290.3437805175781,0.9474689960479736,1377337761999
52.2218914455369,6.895138350936043,88.74135026751743,4,null,273.9867858886719,0.988937497138977,1377337763999
52.221847090354,6.895137140244976,88.65818045191352,4,null,327.9778747558594,0,1377337788999
