Latitude,Longitude,Altitude,Accuracy,Altitude Accuracy,Heading,Speed,Timestamp
52.22159128,6.89517625,90.19999694824219,3,null,178.39999389648438,6.184658527374268,1377338541000
52.22157555,6.89517509,90.19999694824219,3,null,180.1999969482422,6.184658527374268,1377338542000
52.22156022,6.89517359,90.30000305175781,3,null,182.1999969482422,6.184658527374268,1377338543000
52.22154606,6.89517271,90.0999984741211,4,null,182.1999969482422,6.184658527374268,1377338544000
52.221531,6.89517202,89.5999984741211,3,null,184.6999969482422,6.1288251876831055,1377338545000
52.22152121,6.89517098,89.80000305175781,3,null,184.5,6.082762718200684,1377338546000
52.22151132,6.89516937,90.30000305175781,3,null,185.89999389648438,6.082762718200684,1377338547000
52.2215034,6.89516804,90.4000015258789,4,null,185.89999389648438,6.082762718200684,1377338548000
52.22149174,6.89516368,91.0999984741211,3,null,189.10000610351562,6.082762718200684,1377338549000
52.22148143,6.89515942,90.80000305175781,3,null,198.60000610351562,6.046693325042725,1377338550000
52.22147167,6.89515411,90.9000015258789,3,null,202.6999969482422,6.046693325042725,1377338551000
52.22146248,6.89514571,90.0999984741211,3,null,212.6999969482422,6.046693325042725,1377338552000
52.22145438,6.89513564,89.4000015258789,3,null,223.10000610351562,6.046693325042725,1377338553000
52.2214455,6.89512549,89.5999984741211,3,null,223.1999969482422,6.082762718200684,1377338554000
52.22143645,6.8951198,89.4000015258789,3,null,218.3000030517578,6.046693325042725,1377338555000
52.22143363,6.89511577,88.9000015258789,3,null,218.3000030517578,6.020797252655029,1377338556000
52.22143179,6.89511193,88.4000015258789,3,null,218.3000030517578,6.046693325042725,1377338557000
52.22142864,6.89510384,87.69999694824219,4,null,218.3000030517578,6.046693325042725,1377338558000
52.22142694,6.89510512,88.30000305175781,4,null,218.3000030517578,6.020797252655029,1377338559000
52.22142617,6.89512132,87.9000015258789,4,null,null,6,1377338560000
52.22142495,6.89512845,87.9000015258789,4,null,null,6,1377338561000
52.2214248,6.89513186,87.80000305175781,4,null,null,6,1377338562000
52.2214248,6.89513612,87.69999694824219,4,null,null,6,1377338563000
52.22142561,6.89513779,87.5999984741211,4,null,null,6,1377338564000
52.22142611,6.89513921,87.9000015258789,4,null,null,6,1377338565000
52.22142576,6.89514212,87.9000015258789,5,null,null,6,1377338566000
52.22142471,6.89514525,88,5,null,null,6,1377338567000
52.2214232,6.89514922,88.0999984741211,5,null,null,6,1377338568000
52.22142257,6.8951523,88.30000305175781,4,null,null,6,1377338569000
52.2213709,6.8952605,null,34,null,null,null,1377339170023
52.22142161,6.89515433,88,3,null,null,6,1377338570000
52.22142324,6.89515751,88.4000015258789,3,null,null,6,1377338571000
52.2231728,6.8914951,null,1005,null,null,null,1377339172213
52.22142324,6.89515751,88.4000015258789,4,null,null,6,1377338572000
52.2214239,6.89515961,88.5999984741211,4,null,null,6,1377338573000
52.22142475,6.89516115,88.69999694824219,5,null,null,6,1377338574000
52.22142533,6.8951621,88.80000305175781,4,null,null,6,1377338575000
52.22142533,6.8951621,88.80000305175781,5,null,null,6,1377338576000
52.22142497,6.89516311,88.9000015258789,4,null,null,6,1377338577000
52.22142497,6.89516328,89,4,null,null,6,1377338578000
52.22142489,6.89516334,88.9000015258789,4,null,null,6,1377338579000
52.22142477,6.89516336,89,4,null,null,6,1377338580000
52.22142472,6.89516341,89,4,null,null,6,1377338581000
52.22142471,6.89516345,89,4,null,null,6,1377338582000
52.22142471,6.89516345,89,5,null,null,6,1377338583000
52.22142475,6.89516351,89,4,null,null,6,1377338584000
52.22142477,6.89516354,89,4,null,null,6,1377338585000
52.22142479,6.89516358,89,4,null,null,6,1377338586000
52.22142479,6.89516358,89,5,null,null,6,1377338587000
52.2214248,6.89516363,89,4,null,null,6,1377338588000
52.2214248,6.89516363,89,5,null,null,6,1377338589000
52.22142484,6.89516365,89,4,null,null,6,1377338590000
52.22142484,6.89516368,89,4,null,null,6,1377338591000
52.22142484,6.89516368,89,5,null,null,6,1377338592000
52.22142485,6.89516373,89,4,null,null,6,1377338593000
52.22142484,6.89516376,89,4,null,null,6,1377338594000
52.22142482,6.89516373,89,4,null,null,6,1377338595000
52.22142477,6.89516368,89,4,null,null,6,1377338596000
52.22142477,6.89516368,89,5,null,null,6,1377338597000
52.22142473,6.89516366,89,4,null,null,6,1377338598000
52.22142473,6.89516366,89,5,null,null,6,1377338599000
52.22142474,6.8951637,89,4,null,null,6,1377338600000
52.22142474,6.89516372,89,4,null,null,6,1377338601000
52.22142475,6.89516374,89,4,null,null,6,1377338602000
52.22142479,6.89516379,89,4,null,null,6,1377338603000
52.22142486,6.89516383,89,4,null,null,6,1377338604000
52.22142486,6.89516383,89,5,null,null,6,1377338605000
52.22142498,6.89516391,89,4,null,null,6,1377338606000
52.22142504,6.89516396,89,4,null,null,6,1377338607000
52.22142509,6.895164,89,4,null,null,6,1377338608000
52.2214251,6.89516407,89,4,null,null,6,1377338609000
52.2213973,6.8952788,null,24,null,null,null,1377339210763
52.22142509,6.8951641,89,3,null,null,6,1377338610508
52.221425,6.89516417,89,4,null,null,6,1377338612000
52.22142488,6.89516424,89,3,null,null,6,1377338613000
52.22142478,6.89516433,89,3,null,null,6,1377338614000
52.22142477,6.89516438,89,3,null,null,6,1377338615000
52.22142478,6.89516439,89,3,null,null,6,1377338616000
52.22142478,6.89516439,89,4,null,null,6,1377338617000
52.22142477,6.89516441,89,4,null,null,6,1377338618000
52.22142477,6.89516443,89,3,null,null,6,1377338619000
52.22142476,6.89516446,89,3,null,null,6,1377338620000
52.22142475,6.89516448,89,3,null,null,6,1377338621000
52.22142474,6.89516451,89,3,null,null,6,1377338622000
52.22142474,6.89516454,89,3,null,null,6,1377338623000
52.22142474,6.89516454,89,4,null,null,6,1377338624000
52.22142474,6.89516458,89,4,null,null,6,1377338625000
52.22142474,6.89516461,89,3,null,null,6,1377338626000
52.22142476,6.89516463,89,4,null,null,6,1377338627000
52.22142476,6.89516465,89,3,null,null,6,1377338628000
52.221373,6.8952966,null,30,null,null,null,1377339230299
52.2214247,6.89516464,89,3,null,null,6,1377338630068
52.22142471,6.89516462,89,4,null,null,6,1377338631000
52.22142469,6.8951646,89,3,null,null,6,1377338632000
52.22142462,6.89516463,89,4,null,null,6,1377338633000
52.2214246,6.89516467,89,4,null,null,6,1377338634000
52.22142458,6.89516472,89,4,null,null,6,1377338635000
52.22142458,6.89516474,89,3,null,null,6,1377338636000
52.22142459,6.89516476,89,4,null,null,6,1377338637000
52.2214246,6.8951648,89,3,null,null,6,1377338638000
52.2214246,6.89516484,89,3,null,null,6,1377338639000
52.2214246,6.89516484,89,4,null,null,6,1377338640000
52.22142459,6.89516488,89,4,null,null,6,1377338641000
52.22142446,6.89516504,89,3,null,null,6,1377338642000
52.22142446,6.89516504,89,4,null,null,6,1377338643000
52.2214244,6.89516515,89,3,null,null,6,1377338644000
52.22142438,6.89516519,89,3,null,null,6,1377338645000
52.22142437,6.89516523,89,3,null,null,6,1377338646000
52.22142437,6.89516523,89,4,null,null,6,1377338647000
52.22142435,6.89516526,89,5,null,null,6,1377338648000
52.22142434,6.89516529,89,4,null,null,6,1377338649000
52.22142433,6.89516533,89,4,null,null,6,1377338650000
52.22142436,6.89516536,89,4,null,null,6,1377338651000
52.22142436,6.89516536,89,4,null,null,6,1377338652000
52.22142437,6.89516539,89,4,null,null,6,1377338653000
52.22142438,6.89516541,89,4,null,null,6,1377338654000
52.2214244,6.89516538,89,4,null,null,6,1377338655000
52.2214244,6.89516539,89,5,null,null,6,1377338656000
52.2214244,6.89516539,89,6,null,null,6,1377338657000
52.2214244,6.89516542,89,5,null,null,6,1377338658000
52.22142438,6.89516545,89,4,null,null,6,1377338659000
52.22142438,6.89516547,89,5,null,null,6,1377338660000
52.22142436,6.89516549,89,5,null,null,6,1377338661000
52.22142435,6.89516549,89,5,null,null,6,1377338662000
52.22142434,6.8951655,89,5,null,null,6,1377338663000
52.22142433,6.89516552,89,5,null,null,6,1377338664000
52.22142433,6.89516552,89,6,null,null,6,1377338665000
52.22142432,6.89516554,89,5,null,null,6,1377338666000
52.22142432,6.89516557,89,5,null,null,6,1377338667000
52.22142431,6.89516563,89.0999984741211,4,null,null,6,1377338668000
52.22142433,6.89516569,89.0999984741211,3,null,null,6,1377338669000
52.22142433,6.89516569,89.0999984741211,4,null,null,6,1377338670000
52.22142434,6.89516571,89.0999984741211,4,null,null,6,1377338671000
52.22142434,6.89516574,89.0999984741211,3,null,null,6,1377338672000
52.22142434,6.89516574,89.0999984741211,5,null,null,6,1377338673000
52.22142435,6.89516577,89.0999984741211,4,null,null,6,1377338674000
52.2214176,6.8952758,null,30,null,null,null,1377339274732
52.22142435,6.89516579,89.0999984741211,3,null,null,6,1377338675000
52.22142436,6.89516583,89.0999984741211,3,null,null,6,1377338676000
52.22142437,6.89516586,89.0999984741211,3,null,null,6,1377338677000
52.22142437,6.8951659,89.0999984741211,3,null,null,6,1377338678000
52.22142437,6.8951659,89.0999984741211,4,null,null,6,1377338679000
52.22142436,6.89516593,89,3,null,null,6,1377338680000
52.22142434,6.89516594,89,3,null,null,6,1377338681000
52.22142434,6.89516594,89,4,null,null,6,1377338682000
52.22142434,6.89516597,89,3,null,null,6,1377338683000
52.22142434,6.89516602,89.0999984741211,3,null,null,6,1377338684000
52.22142434,6.89516602,89.0999984741211,4,null,null,6,1377338685000
52.22142435,6.89516606,89.0999984741211,3,null,null,6,1377338686000
52.22142435,6.89516606,89.0999984741211,4,null,null,6,1377338687000
52.22142434,6.89516608,89.0999984741211,3,null,null,6,1377338688000
52.22142435,6.89516608,89.0999984741211,3,null,null,6,1377338689000
52.22142435,6.89516613,89.0999984741211,3,null,null,6,1377338690000
52.22142436,6.89516618,89.0999984741211,3,null,null,6,1377338691000
52.22142435,6.89516622,89.0999984741211,3,null,null,6,1377338692000
52.22142435,6.89516622,89.0999984741211,4,null,null,6,1377338693000
52.22142435,6.89516629,89.0999984741211,3,null,null,6,1377338694000
52.22142435,6.89516635,89.0999984741211,3,null,null,6,1377338695000
52.22142433,6.8951664,89.0999984741211,3,null,null,6,1377338696000
52.22142433,6.8951664,89.0999984741211,4,null,null,6,1377338697000
52.22142432,6.89516641,89.0999984741211,4,null,null,6,1377338698000
52.22142429,6.8951664,89.0999984741211,3,null,null,6,1377338699000
52.22142429,6.8951664,89.0999984741211,5,null,null,6,1377338700000
52.22142375,6.89517205,88.80000305175781,5,null,218.3000030517578,6.005206108093262,1377338701000
52.22142476,6.89516291,89.19999694824219,3,null,null,6,1377338702000
52.22142281,6.89515827,89.19999694824219,3,null,null,6,1377338703000
52.22142281,6.89515827,89.19999694824219,4,null,null,6,1377338704000
52.22142092,6.89515688,89.4000015258789,4,null,null,6,1377338705000
52.2214202,6.89515758,89.0999984741211,3,null,null,6,1377338706000
52.22141864,6.89515398,89,4,null,null,6,1377338707000
52.22141828,6.8951478,89.4000015258789,4,null,null,6,1377338708000
52.22141828,6.8951478,89.4000015258789,6,null,null,6,1377338709000
52.22141796,6.89514363,89.69999694824219,6,null,null,6,1377338710000
52.22141796,6.89514363,89.69999694824219,8,null,null,6,1377338711000
52.22141786,6.89514108,89.9000015258789,5,null,null,6,1377338712000
52.22141717,6.89513994,90.0999984741211,5,null,null,6,1377338713000
52.22141619,6.89513976,90.19999694824219,5,null,null,6,1377338714000
52.22141568,6.89513951,90.19999694824219,5,null,null,6,1377338715000
52.22141537,6.89513938,90.19999694824219,5,null,null,6,1377338716000
52.22141521,6.89513937,90.19999694824219,4,null,null,6,1377338717000
52.22141521,6.89513937,90.19999694824219,6,null,null,6,1377338718000
52.22141366,6.8951396,90.30000305175781,5,null,null,6,1377338719000
52.2214553,6.8952591,null,30,null,null,null,1377339319784
52.22141322,6.89513978,90.4000015258789,4,null,null,6,1377338720000
52.22141316,6.89514004,90.4000015258789,4,null,null,6,1377338721000
52.2214131,6.89514021,90.4000015258789,3,null,null,6,1377338722000
52.2214131,6.89514021,90.4000015258789,4,null,null,6,1377338723000
52.22141313,6.89514025,90.4000015258789,4,null,null,6,1377338724000
52.22141309,6.89514029,90.4000015258789,3,null,null,6,1377338725000
52.22141309,6.89514029,90.4000015258789,4,null,null,6,1377338726000
52.22141308,6.89514031,90.4000015258789,5,null,null,6,1377338727000
52.22141307,6.89514033,90.4000015258789,4,null,null,6,1377338728000
52.22141201,6.89514046,90.5,5,null,null,6,1377338729000
52.22141145,6.89514047,90.5,5,null,null,6,1377338730000
52.2213662,6.8952737,null,24,null,null,null,1377339332396
52.22141083,6.8951406,90.5,6,null,null,6,1377338732099
52.2214105,6.89514065,90.5,6,null,null,6,1377338733000
52.2214103,6.8951407,90.5,5,null,null,6,1377338734000
52.22141017,6.89514074,90.5,5,null,null,6,1377338735000
52.22141012,6.89514073,90.5,4,null,null,6,1377338736000
52.22141013,6.89514072,90.5,4,null,null,6,1377338737000
52.22141022,6.89514064,90.5,4,null,null,6,1377338738000
52.22141022,6.8951406,90.5,3,null,null,6,1377338739000
52.22141026,6.8951406,90.5999984741211,3,null,null,6,1377338740000
52.22141026,6.8951406,90.5999984741211,4,null,null,6,1377338741000
52.22141027,6.89514061,90.5999984741211,4,null,null,6,1377338742000
52.22141034,6.89514064,90.5999984741211,3,null,null,6,1377338743000
52.22141032,6.89514066,90.5,3,null,null,6,1377338744000
52.22141034,6.8951407,90.5,3,null,null,6,1377338745000
52.22141034,6.8951407,90.5,4,null,null,6,1377338746000
52.22141033,6.89514073,90.5,4,null,null,6,1377338747000
52.22141027,6.89514076,90.5,3,null,null,6,1377338748000
52.22141027,6.89514076,90.5,4,null,null,6,1377338749000
52.22141023,6.89514076,90.5,4,null,null,6,1377338750000
52.22141025,6.89514079,90.5999984741211,3,null,null,6,1377338751000
52.22141025,6.89514079,90.5999984741211,4,null,null,6,1377338752000
52.22141027,6.89514081,90.5,4,null,null,6,1377338753000
52.22141028,6.89514086,90.5999984741211,4,null,null,6,1377338754000
52.22141028,6.89514087,90.5999984741211,4,null,null,6,1377338755000
52.22141024,6.89514089,90.5999984741211,3,null,null,6,1377338756000
52.22141008,6.89514084,90.5,3,null,null,6,1377338757000
52.22141008,6.89514084,90.5,4,null,null,6,1377338758000
52.22141,6.89514082,90.5,5,null,null,6,1377338759000
52.22140993,6.89514082,90.5,4,null,null,6,1377338760000
52.22140987,6.89514084,90.5,4,null,null,6,1377338761000
52.22140984,6.89514087,90.5,4,null,null,6,1377338762000
52.22140984,6.89514087,90.5,5,null,null,6,1377338763000
52.22140981,6.89514089,90.5,5,null,null,6,1377338764000
52.22140979,6.89514092,90.5,5,null,null,6,1377338765000
52.22140978,6.89514093,90.5,4,null,null,6,1377338766000
52.22140998,6.8951408,90.5,4,null,null,6,1377338767000
52.22141872,6.89514105,90.69999694824219,4,null,1.2000000476837158,6.082762718200684,1377338768000
52.22142623,6.89514084,91.19999694824219,4,null,357.79998779296875,6.082762718200684,1377338769000
52.22143228,6.89514083,91.69999694824219,5,null,357.79998779296875,6.046693325042725,1377338770000
52.22143653,6.89513667,91.30000305175781,4,null,352,6.046693325042725,1377338771000
52.22143734,6.89512878,91.5999984741211,3,null,352,6.046693325042725,1377338772000
52.22143797,6.89512116,92,3,null,352,6.020797252655029,1377338773000
52.22143997,6.89511543,92.9000015258789,3,null,352,6.020797252655029,1377338774000
52.22143568,6.89510955,89.4000015258789,3,null,352,6.005206108093262,1377338775000
52.22142623,6.89510245,90.19999694824219,3,null,352,6.005206108093262,1377338776000
52.2212923,6.8952951,null,30,null,null,null,1377339376934
52.22142436,6.89509871,90,4,null,352,6.005206108093262,1377338777000
52.2214155,6.89508936,89.4000015258789,3,null,352,6.005206108093262,1377338778000
52.22140636,6.89507532,89.30000305175781,4,null,352,6.020797252655029,1377338779000
52.22139758,6.89506104,89.5,3,null,352,6.020797252655029,1377338780000
52.22139272,6.89504728,89.4000015258789,3,null,352,6.020797252655029,1377338781000
52.22139292,6.89503793,88.5999984741211,4,null,352,6.020797252655029,1377338782000
52.22139171,6.89502664,88.5999984741211,4,null,352,6.020797252655029,1377338783000
52.22139231,6.89501664,88.69999694824219,4,null,352,6.020797252655029,1377338784000
52.22139453,6.89500516,88.19999694824219,4,null,352,6.020797252655029,1377338785000
52.22139778,6.89499948,88.0999984741211,6,null,352,6.020797252655029,1377338786000
52.22139485,6.89497873,89.5,4,null,352,6.020797252655029,1377338787000
52.22139522,6.89495597,89.5,4,null,286.79998779296875,6.1288251876831055,1377338788000
52.22139333,6.89492659,89.4000015258789,4,null,280.8999938964844,6.1288251876831055,1377338789000
52.2213931,6.89489705,89.0999984741211,4,null,278.5,6.184658527374268,1377338790000
52.22139488,6.89487762,88.19999694824219,5,null,278.5,6.184658527374268,1377338791000
52.22139007,6.89485081,87.4000015258789,4,null,270.29998779296875,6.082762718200684,1377338792000
52.22138852,6.89483102,86.5,4,null,272.29998779296875,6.082762718200684,1377338793000
52.22138884,6.89481803,86.0999984741211,5,null,272.29998779296875,6.082762718200684,1377338794000
52.22138856,6.8947905,87.9000015258789,3,null,279.20001220703125,6.082762718200684,1377338795000
52.22139049,6.8947695,88.69999694824219,3,null,281.6000061035156,6.082762718200684,1377338796000
52.22139315,6.89474983,89.30000305175781,3,null,283.70001220703125,6.082762718200684,1377338797000
52.22139556,6.89473365,89.9000015258789,5,null,283.70001220703125,6.082762718200684,1377338798000
52.22139816,6.89471123,89.9000015258789,5,null,282.29998779296875,6.1288251876831055,1377338799000
52.22139701,6.8946897,90.0999984741211,6,null,277.29998779296875,6.1288251876831055,1377338800000
52.22139398,6.89466807,89.80000305175781,6,null,272.1000061035156,6.1288251876831055,1377338801000
52.22139067,6.89464088,90,5,null,264.3999938964844,6.1288251876831055,1377338802000
52.22139021,6.89461182,91,3,null,269.3999938964844,6.1288251876831055,1377338803000
52.22138913,6.89458976,91.5,3,null,269.70001220703125,6.1288251876831055,1377338804000
52.22138907,6.89457,91.80000305175781,5,null,269.70001220703125,6.1288251876831055,1377338805000
52.22138625,6.8945521,88.69999694824219,4,null,267.79998779296875,6.1288251876831055,1377338806000
52.22138094,6.89453722,89.5999984741211,3,null,260.5,6.082762718200684,1377338807000
52.22137433,6.89452128,88.80000305175781,3,null,253.60000610351562,6.082762718200684,1377338808000
52.22137178,6.89450724,88.0999984741211,4,null,253.60000610351562,6.082762718200684,1377338809000
52.22136373,6.89449274,87.69999694824219,4,null,246.5,6.082762718200684,1377338810000
52.22135725,6.89447324,85.30000305175781,3,null,246.60000610351562,6.082762718200684,1377338811000
52.22135292,6.89445471,83.5999984741211,3,null,248,6.082762718200684,1377338812000
52.2213483,6.89443748,83.4000015258789,3,null,243.89999389648438,6.082762718200684,1377338813000
52.2213418,6.89442177,82.80000305175781,3,null,234.3000030517578,6.046693325042725,1377338814000
52.22133417,6.89441173,81.69999694824219,3,null,234.3000030517578,6.046693325042725,1377338815000
52.22132873,6.89440388,81.9000015258789,3,null,234.3000030517578,6.020797252655029,1377338816000
52.22132435,6.89440153,81.80000305175781,4,null,234.3000030517578,6.020797252655029,1377338817000
52.22132006,6.89439993,83.5,4,null,234.3000030517578,6.020797252655029,1377338818000
52.22131552,6.89439161,81.30000305175781,3,null,234.3000030517578,6.005206108093262,1377338819000
52.22131138,6.89438084,80.5,4,null,234.3000030517578,6.020797252655029,1377338820000
52.22130612,6.89436556,80,4,null,234.3000030517578,6.020797252655029,1377338821000
52.221231,6.8944932,null,31,null,null,null,1377339422073
52.22129697,6.89435098,77.80000305175781,4,null,234.3000030517578,6.046693325042725,1377338822000
52.2212875,6.894337,76.19999694824219,4,null,241.5,6.046693325042725,1377338823000
52.22128416,6.894327,74.0999984741211,5,null,241.5,6.046693325042725,1377338824000
52.22126768,6.89431673,72.5,5,null,216,6.046693325042725,1377338825000
52.22124605,6.89430977,71.0999984741211,4,null,193.89999389648438,6.082762718200684,1377338826000
52.22121164,6.89429578,72.5999984741211,4,null,178.5,6.184658527374268,1377338827000
52.22118867,6.89428532,73.0999984741211,4,null,182.1999969482422,6.25,1377338828000
52.2211669,6.89426862,73.9000015258789,5,null,191.60000610351562,6.25,1377338829000
52.22114588,6.89424869,74.4000015258789,5,null,198.89999389648438,6.25,1377338830000
52.22112528,6.89422939,74.9000015258789,5,null,203.5,6.324555397033691,1377338831000
52.22110544,6.89421046,75.0999984741211,5,null,205.39999389648438,6.25,1377338832000
52.22109063,6.89419092,75.5,5,null,207.6999969482422,6.25,1377338833000
52.22108071,6.89417416,76.0999984741211,6,null,209.5,6.184658527374268,1377338834000
52.22107129,6.89415783,76.5,6,null,213.10000610351562,6.1288251876831055,1377338835000
52.22106463,6.89414136,77.19999694824219,6,null,217.6999969482422,6.1288251876831055,1377338836000
52.22105903,6.89412218,78.0999984741211,6,null,220.10000610351562,6.1288251876831055,1377338837000
52.22105226,6.89410715,77.9000015258789,6,null,219.60000610351562,6.082762718200684,1377338838000
52.22104565,6.89409483,78.0999984741211,5,null,219.1999969482422,6.082762718200684,1377338839000
52.2210329,6.89409083,77.0999984741211,4,null,213.10000610351562,6.082762718200684,1377338840000
52.22101961,6.89409402,77.5999984741211,4,null,203.89999389648438,6.082762718200684,1377338841000
52.22100693,6.89409877,76.9000015258789,4,null,192.60000610351562,6.082762718200684,1377338842000
52.22099394,6.89410444,75.5999984741211,4,null,182.8000030517578,6.082762718200684,1377338843000
52.22099383,6.89410527,79.0999984741211,3,null,null,6,1377338844000
52.22099407,6.89409796,79.30000305175781,3,null,277.29998779296875,6.046693325042725,1377338845000
52.22099223,6.89408371,80.5999984741211,3,null,266.8999938964844,6.082762718200684,1377338846000
52.22098972,6.89407351,82.5,3,null,266.8999938964844,6.020797252655029,1377338847000
52.22098603,6.89405864,86.30000305175781,3,null,262,6.046693325042725,1377338848000
52.22097781,6.89404615,83.80000305175781,3,null,249.60000610351562,6.082762718200684,1377338849000
52.220975,6.89403382,82.80000305175781,4,null,249.60000610351562,6.082762718200684,1377338850000
52.2209623,6.89402568,84.0999984741211,4,null,226,6.082762718200684,1377338851000
52.22095073,6.89402145,85.9000015258789,3,null,214.10000610351562,6.046693325042725,1377338852000
52.22093807,6.89401966,89.5999984741211,3,null,197.6999969482422,6.046693325042725,1377338853000
52.220922,6.89402586,91.80000305175781,3,null,164,6.1288251876831055,1377338854000
52.22090367,6.89403755,93,3,null,155.10000610351562,6.184658527374268,1377338855000
52.22088131,6.89405454,93.5999984741211,3,null,151.89999389648438,6.324555397033691,1377338856000
52.2208591,6.89407366,94.0999984741211,4,null,151.3000030517578,6.408002853393555,1377338857000
52.22084242,6.89408679,94.0999984741211,4,null,152.10000610351562,6.324555397033691,1377338858000
52.22082619,6.89409334,94.9000015258789,4,null,157.3000030517578,6.25,1377338859000
52.22081215,6.89409484,95.69999694824219,3,null,163.6999969482422,6.184658527374268,1377338860000
52.22079866,6.89409459,96,3,null,170.39999389648438,6.1288251876831055,1377338861000
52.22078311,6.89409267,95.5,4,null,174.39999389648438,6.184658527374268,1377338862000
52.22077101,6.89409462,95.5999984741211,5,null,174.39999389648438,6.184658527374268,1377338863000
52.22075166,6.89409302,95.80000305175781,4,null,172.1999969482422,6.184658527374268,1377338864000
52.22073687,6.89409441,95.80000305175781,4,null,171,6.184658527374268,1377338865000
52.22072402,6.89409603,95.69999694824219,4,null,169,6.184658527374268,1377338866000
52.22071276,6.89409672,96,4,null,168.60000610351562,6.1288251876831055,1377338867000
52.22070347,6.89410326,95.4000015258789,4,null,165,6.1288251876831055,1377338868000
52.22069414,6.89410885,95.0999984741211,4,null,163.10000610351562,6.1288251876831055,1377338869000
52.2206797,6.89412228,100.5,3,null,155.1999969482422,6.1288251876831055,1377338870000
52.22067092,6.89413398,97.30000305175781,3,null,151.1999969482422,6.1288251876831055,1377338871000
52.2208398,6.894093,null,20,null,null,null,1377339471937
52.22066375,6.89414641,97.5999984741211,4,null,148.8000030517578,6.082762718200684,1377338872000
52.2206567,6.89415688,97.9000015258789,5,null,147.10000610351562,6.046693325042725,1377338873000
52.2206512,6.89415705,98,5,null,147.10000610351562,6.020797252655029,1377338874000
52.22064109,6.89415529,98.4000015258789,4,null,147.10000610351562,6.020797252655029,1377338875000
52.22063453,6.8941538,98.80000305175781,4,null,147.10000610351562,6.020797252655029,1377338876000
52.22062718,6.89414386,97.80000305175781,5,null,147.10000610351562,6.020797252655029,1377338877000
52.22062159,6.89412107,97.5,5,null,null,6,1377338878000
52.22062099,6.89411253,97.4000015258789,4,null,null,6,1377338879000
52.22061933,6.89410227,97.4000015258789,4,null,147.10000610351562,6.020797252655029,1377338880000
52.22061407,6.89409609,97,4,null,147.10000610351562,6.020797252655029,1377338881000
52.22060994,6.89409122,97.0999984741211,4,null,147.10000610351562,6.005206108093262,1377338882000
52.22060182,6.89408061,96.5,4,null,147.10000610351562,6.020797252655029,1377338883000
52.22058882,6.89407211,93.5,3,null,147.10000610351562,6.020797252655029,1377338884000
52.22057127,6.89406486,91.5,3,null,204.89999389648438,6.046693325042725,1377338885000
52.22055032,6.89405891,90.69999694824219,4,null,200.60000610351562,6.082762718200684,1377338886000
52.22052911,6.89405823,89.19999694824219,3,null,187.8000030517578,6.1288251876831055,1377338887000
52.22050689,6.89406042,87.69999694824219,4,null,180.60000610351562,6.1288251876831055,1377338888000
52.22049183,6.89405878,87.19999694824219,3,null,187.8000030517578,6.082762718200684,1377338889000
52.22048148,6.89405398,86.4000015258789,4,null,199,6.046693325042725,1377338890000
52.22047478,6.89404205,85.5,4,null,199,6.046693325042725,1377338891000
52.22047011,6.89402799,88.19999694824219,4,null,262.1000061035156,6.046693325042725,1377338892000
52.22046115,6.89401976,89.19999694824219,4,null,250.89999389648438,6.046693325042725,1377338893000
52.22045053,6.89401672,89.80000305175781,5,null,250.89999389648438,6.046693325042725,1377338894000
52.2204279,6.89402278,84.19999694824219,3,null,216.89999389648438,6.082762718200684,1377338895000
52.22042143,6.89401487,80.69999694824219,5,null,216.89999389648438,6.082762718200684,1377338896000
52.22040636,6.89401426,85.30000305175781,4,null,209.10000610351562,6.082762718200684,1377338897000
52.22039004,6.89401805,86.5,3,null,201.39999389648438,6.082762718200684,1377338898000
52.22037281,6.89402451,87.30000305175781,4,null,191.39999389648438,6.082762718200684,1377338899000
52.22036383,6.89402155,87.30000305175781,5,null,191.39999389648438,6.082762718200684,1377338900000
52.22034716,6.89403457,87.4000015258789,6,null,176.60000610351562,6.082762718200684,1377338900995
52.22032154,6.89405346,87.5999984741211,4,null,171.1999969482422,6.1288251876831055,1377338902000
52.22030038,6.89406713,87.9000015258789,4,null,169.10000610351562,6.1288251876831055,1377338903000
52.22027617,6.89407548,87.30000305175781,4,null,170.6999969482422,6.184658527374268,1377338904000
52.22025186,6.89408694,86.69999694824219,4,null,167.89999389648438,6.25,1377338905000
52.22023114,6.8940951,86.30000305175781,3,null,165.10000610351562,6.25,1377338906000
52.22020789,6.89410676,89.5999984741211,4,null,162.10000610351562,6.25,1377338907000
52.22018537,6.89412111,89.80000305175781,4,null,157.89999389648438,6.25,1377338908000
52.22017078,6.89413077,90.9000015258789,6,null,157.89999389648438,6.25,1377338909000
52.22015423,6.89413185,90.30000305175781,4,null,162.39999389648438,6.1288251876831055,1377338910000
52.22014467,6.89413375,89.19999694824219,3,null,167.39999389648438,6.082762718200684,1377338911000
52.22013698,6.89413249,88.4000015258789,4,null,167.39999389648438,6.046693325042725,1377338912000
52.2203426,6.8941816,null,36,null,null,null,1377339513324
52.22012822,6.89413388,88.19999694824219,3,null,167.39999389648438,6.046693325042725,1377338913000
52.22012184,6.89413553,87.69999694824219,5,null,167.39999389648438,6.046693325042725,1377338914000
52.22011839,6.89413742,90.5,4,null,169.6999969482422,6.046693325042725,1377338915000
52.22012322,6.89414148,91.5,4,null,null,6,1377338916000
52.22012336,6.89414526,91.5,4,null,null,6,1377338917000
52.22012178,6.89415047,92,4,null,null,6,1377338918000
52.22011972,6.89415483,92,4,null,169.6999969482422,6.005206108093262,1377338919000
52.22011409,6.89416754,91.80000305175781,4,null,169.6999969482422,6.020797252655029,1377338920000
52.22010766,6.89417804,90.0999984741211,4,null,169.6999969482422,6.005206108093262,1377338921000
52.22009919,6.89419266,89.4000015258789,4,null,169.6999969482422,6.020797252655029,1377338922000
52.22009217,6.89420164,89.80000305175781,4,null,169.6999969482422,6.005206108093262,1377338923000
52.22008599,6.89420998,90.0999984741211,4,null,169.6999969482422,6.005206108093262,1377338924000
52.22007717,6.89423503,91,4,null,null,6,1377338925000
52.22007155,6.89424898,91.19999694824219,4,null,null,6,1377338926000
52.22006629,6.89426055,91.5,4,null,null,6,1377338927000
52.22006186,6.89426921,91.5,5,null,null,6,1377338928000
52.22005638,6.89427821,91.5,4,null,null,6,1377338929000
52.2200553,6.89428037,91.5,4,null,null,6,1377338930000
52.22005486,6.89428211,91.4000015258789,4,null,null,6,1377338931000
52.22005496,6.89428162,91.30000305175781,3,null,null,6,1377338932000
52.22004983,6.89428617,91.0999984741211,4,null,null,6,1377338933000
52.2200453,6.89428803,90.80000305175781,4,null,null,6,1377338934000
52.2200453,6.89428803,90.80000305175781,6,null,null,6,1377338935000
52.220042,6.89428837,90.9000015258789,5,null,null,6,1377338936000
52.22003722,6.89429323,91.30000305175781,3,null,null,6,1377338937000
52.22003626,6.89429431,91.30000305175781,4,null,null,6,1377338938000
52.22003626,6.89429431,91.30000305175781,5,null,null,6,1377338939000
52.2203288,6.8941447,null,21,null,null,null,1377339540059
52.22003501,6.89429498,91.30000305175781,5,null,null,6,1377338940000
52.22003425,6.89429553,91.30000305175781,4,null,null,6,1377338941000
52.22003455,6.89429576,91.5,4,null,null,6,1377338942000
52.22003494,6.89429689,92,4,null,null,6,1377338943000
52.22003544,6.8942989,92.5999984741211,4,null,null,6,1377338944000
52.220035,6.89430145,93.19999694824219,4,null,null,6,1377338945000
52.22003564,6.89430318,93.4000015258789,4,null,null,6,1377338946000
52.22003641,6.89430372,93.4000015258789,4,null,null,6,1377338947000
52.22003723,6.89430417,93.5,5,null,null,6,1377338948000
52.22003779,6.89430463,93.5999984741211,4,null,null,6,1377338949000
52.22003828,6.89430509,93.69999694824219,4,null,null,6,1377338950000
52.2200385,6.89430538,93.69999694824219,4,null,null,6,1377338951000
52.22003859,6.89430553,93.69999694824219,4,null,null,6,1377338952000
52.22003859,6.89430553,93.69999694824219,4,null,null,6,1377338953000
52.22003859,6.89430566,93.69999694824219,4,null,null,6,1377338954000
52.22003858,6.8943057,93.69999694824219,4,null,null,6,1377338955000
52.22003853,6.89430578,93.80000305175781,4,null,null,6,1377338956000
52.22003854,6.89430571,93.80000305175781,4,null,null,6,1377338957000
52.22003854,6.89430571,93.80000305175781,5,null,null,6,1377338958000
52.2200386,6.89430565,93.80000305175781,4,null,null,6,1377338959000
52.2200386,6.89430565,93.80000305175781,5,null,null,6,1377338960000
52.22003867,6.89430561,93.80000305175781,4,null,null,6,1377338961000
52.22003876,6.89430555,93.80000305175781,4,null,null,6,1377338962000
52.2200388,6.8943055,93.80000305175781,4,null,null,6,1377338963000
52.22003887,6.89430551,93.9000015258789,4,null,null,6,1377338964000
52.2202867,6.8941594,null,20,null,null,null,1377339634227
52.22004509,6.89430539,95.19999694824219,15,null,null,0,1377339036000
52.22005376,6.89430427,95.9000015258789,6,null,null,0,1377339037000
52.22006025,6.89430589,97,3,null,null,0,1377339038000
52.22006601,6.89431985,97.9000015258789,3,null,null,0,1377339039000
52.22006773,6.89432606,98.80000305175781,3,null,null,0,1377339040000
52.22006773,6.89432606,98.80000305175781,4,null,null,0,1377339041000
52.22007446,6.89433022,100.9000015258789,3,null,null,0,1377339042000
52.22007472,6.89433294,100.5,3,null,null,0,1377339043000
52.2200735,6.89433485,99.5999984741211,3,null,null,0,1377339044000
52.2200735,6.89433485,99.5999984741211,4,null,null,0,1377339045000
52.22007011,6.89433409,99.0999984741211,3,null,null,0,1377339046000
52.22006922,6.89433272,99.0999984741211,3,null,null,0,1377339047000
52.22006866,6.89433215,99.0999984741211,3,null,null,0,1377339048000
52.22006839,6.89433175,99.0999984741211,3,null,null,0,1377339049000
52.22006839,6.89433175,99.0999984741211,4,null,null,0,1377339050000
52.22006816,6.8943315,99.0999984741211,3,null,null,0,1377339051000
52.22006827,6.89433145,99,3,null,null,0,1377339052000
52.22006827,6.89433145,99,4,null,null,0,1377339053000
52.22006837,6.89433138,99,3,null,null,0,1377339054000
52.2200684,6.89433136,99,3,null,null,0,1377339055000
52.22006839,6.89433135,99,3,null,null,0,1377339056000
52.22006841,6.89433129,99,3,null,null,0,1377339057000
52.22006842,6.89433124,99,3,null,null,0,1377339058000
52.22006843,6.89433115,99,3,null,null,0,1377339059000
52.2200684,6.89433108,99,3,null,null,0,1377339060000
52.2200684,6.89433108,99,4,null,null,0,1377339061000
52.22006828,6.8943311,99,4,null,null,0,1377339062000
52.22006828,6.8943311,99,5,null,null,0,1377339063000
52.22006812,6.89433111,99,4,null,null,0,1377339064000
52.22006808,6.89433108,99,3,null,null,0,1377339065000
52.22006808,6.89433108,99,4,null,null,0,1377339066000
52.22007128,6.89431815,98.69999694824219,4,null,169.6999969482422,0.75,1377339067000
52.22006822,6.89432713,99.4000015258789,4,null,null,0,1377339068000
52.22006667,6.89433191,99.5999984741211,4,null,null,0,1377339069000
52.22006673,6.89433484,99.5,4,null,null,0,1377339070000
52.22006673,6.89433484,99.5,5,null,null,0,1377339071000
52.22006647,6.89433599,99.4000015258789,4,null,null,0,1377339072000
52.22006585,6.89433782,99.5,4,null,null,0,1377339073000
52.22006585,6.89433782,99.5,5,null,null,0,1377339074000
52.22006512,6.89433874,99.4000015258789,5,null,null,0,1377339075000
52.22006633,6.89433753,99.19999694824219,4,null,null,0,1377339076000
52.22006774,6.89433612,99.0999984741211,4,null,null,0,1377339077000
52.22006892,6.89433422,98.5999984741211,4,null,null,0,1377339078000
52.22006744,6.89433349,97.4000015258789,4,null,null,0,1377339079000
52.2202191,6.8941849,null,34,null,null,null,1377339679635
52.22006744,6.89433349,97.4000015258789,5,null,null,0,1377339080000
52.2200664,6.89433305,97.19999694824219,5,null,null,0,1377339081000
52.22006575,6.89433288,97.19999694824219,5,null,null,0,1377339082000
52.22006567,6.89433288,97.19999694824219,5,null,null,0,1377339083000
52.22006562,6.89433288,97.19999694824219,4,null,null,0,1377339084000
52.2200656,6.89433289,97.19999694824219,4,null,null,0,1377339085000
52.22006559,6.8943329,97.19999694824219,5,null,null,0,1377339086000
52.22006559,6.89433291,97.19999694824219,5,null,null,0,1377339087000
52.22006558,6.89433291,97.19999694824219,5,null,null,0,1377339088000
52.22006559,6.89433291,97.19999694824219,5,null,null,0,1377339089000
52.22006559,6.89433291,97.19999694824219,5,null,null,0,1377339090000
52.22006561,6.89433291,97.19999694824219,5,null,null,0,1377339091000
52.22006563,6.8943329,97.19999694824219,5,null,null,0,1377339092000
52.2200656,6.89433289,97.19999694824219,5,null,null,0,1377339093000
52.22006559,6.89433287,97.19999694824219,4,null,null,0,1377339094000
52.22006555,6.89433284,97.19999694824219,4,null,null,0,1377339095000
52.22006554,6.89433286,97.19999694824219,4,null,null,0,1377339096000
52.22006554,6.89433287,97.19999694824219,4,null,null,0,1377339097000
52.2200654,6.89433287,97.0999984741211,4,null,null,0,1377339098000
52.22006532,6.89433291,97.0999984741211,4,null,null,0,1377339099000
52.22006529,6.89433291,97.19999694824219,3,null,null,0,1377339100000
52.22006524,6.89433267,97.0999984741211,4,null,null,0,1377339101000
52.22006524,6.89433243,97.0999984741211,3,null,null,0,1377339102000
52.22006523,6.89433225,97.0999984741211,4,null,null,0,1377339103000
52.22006522,6.89433214,97.0999984741211,3,null,null,0,1377339104000
52.22006521,6.89433209,97.0999984741211,4,null,null,0,1377339105000
52.2200652,6.89433206,97.0999984741211,4,null,null,0,1377339106000
52.22006222,6.89433391,97.0999984741211,4,null,169.6999969482422,0.25,1377339107000
52.22005476,6.89433206,97.5999984741211,4,null,169.6999969482422,0.25,1377339108000
52.22004946,6.89433061,97.9000015258789,4,null,169.6999969482422,0.25,1377339109000
52.22004372,6.89432604,98,4,null,169.6999969482422,0.25,1377339110000
52.22002968,6.89432269,98.5,4,null,null,0,1377339111000
52.22002305,6.89432257,98.80000305175781,4,null,null,0,1377339112000
52.22001657,6.89432032,97.80000305175781,4,null,null,0,1377339113000
52.22001028,6.89431075,98.0999984741211,4,null,null,0,1377339114000
52.22000618,6.89430424,98.19999694824219,5,null,null,0,1377339115000
52.22000278,6.89430621,98.9000015258789,4,null,null,0,1377339116000
52.22000278,6.89430621,98.9000015258789,5,null,null,0,1377339117000
52.21999923,6.89430447,98.80000305175781,4,null,null,0,1377339118000
52.21999894,6.89429843,98.69999694824219,4,null,null,0,1377339119000
52.22000054,6.89429304,98,4,null,null,0,1377339120000
52.21999783,6.8942891,98.4000015258789,5,null,null,0,1377339121000
52.21999588,6.89428699,98.4000015258789,4,null,null,0,1377339122000
52.21999354,6.89428662,98,5,null,null,0,1377339123000
52.21999201,6.89428663,98,4,null,null,0,1377339124000
52.2201235,6.8941688,null,27,null,null,null,1377339724475
52.21999079,6.89428681,97.9000015258789,4,null,null,0,1377339125000
52.21998911,6.89428727,97.69999694824219,4,null,null,0,1377339126000
52.21998782,6.89428768,97.69999694824219,4,null,null,0,1377339127000
52.21998705,6.89428795,97.69999694824219,4,null,null,0,1377339128000
52.21998662,6.8942881,97.69999694824219,4,null,null,0,1377339129000
52.21998638,6.89428818,97.69999694824219,4,null,null,0,1377339130000
52.21998626,6.89428822,97.69999694824219,4,null,null,0,1377339131000
52.21998627,6.89428816,97.69999694824219,4,null,null,0,1377339132000
52.21998626,6.89428812,97.69999694824219,4,null,null,0,1377339133000
52.21998625,6.89428809,97.69999694824219,4,null,null,0,1377339134000
52.21998624,6.89428808,97.69999694824219,4,null,null,0,1377339135000
52.21998622,6.89428807,97.69999694824219,4,null,null,0,1377339136000
52.2199862,6.89428807,97.69999694824219,4,null,null,0,1377339137000
52.21998618,6.89428808,97.69999694824219,4,null,null,0,1377339138000
52.21998614,6.89428811,97.69999694824219,4,null,null,0,1377339139000
52.21998617,6.89428807,97.69999694824219,4,null,null,0,1377339140000
52.2199867,6.89428763,97.80000305175781,4,null,null,0,1377339141000
52.21998696,6.8942874,97.80000305175781,4,null,null,0,1377339142000
52.21998707,6.8942873,97.80000305175781,4,null,null,0,1377339143000
52.21998715,6.89428722,97.9000015258789,4,null,null,0,1377339144000
52.21998716,6.8942872,97.9000015258789,4,null,null,0,1377339145000
52.21998716,6.89428721,97.9000015258789,4,null,null,0,1377339146000
52.21998715,6.89428722,97.9000015258789,4,null,null,0,1377339147000
52.21998715,6.89428721,97.9000015258789,4,null,null,0,1377339148000
52.21998713,6.8942872,97.9000015258789,4,null,null,0,1377339149000
52.21998714,6.89428719,97.9000015258789,4,null,null,0,1377339150000
52.21998711,6.89428718,97.80000305175781,4,null,null,0,1377339151000
52.21998711,6.89428718,97.80000305175781,4,null,null,0,1377339152000
52.2199871,6.89428717,97.80000305175781,5,null,null,0,1377339153000
52.21998712,6.89428716,97.80000305175781,5,null,null,0,1377339154000
52.21998714,6.89428713,97.80000305175781,5,null,null,0,1377339155000
52.21998715,6.8942871,97.80000305175781,4,null,null,0,1377339156000
52.21998715,6.89428708,97.80000305175781,4,null,null,0,1377339157000
52.21998715,6.89428709,97.80000305175781,4,null,null,0,1377339158000
52.21998715,6.89428711,97.80000305175781,4,null,null,0,1377339159000
52.21998715,6.89428712,97.80000305175781,4,null,null,0,1377339160000
52.21998715,6.89428713,97.9000015258789,4,null,null,0,1377339161000
52.21998715,6.89428714,97.9000015258789,4,null,null,0,1377339162000
52.21998714,6.89428713,97.9000015258789,4,null,null,0,1377339163000
52.21998712,6.89428713,97.9000015258789,4,null,null,0,1377339164000
52.21998712,6.89428713,97.9000015258789,4,null,null,0,1377339165000
52.21998711,6.89428713,97.9000015258789,4,null,null,0,1377339166000
52.21998711,6.89428713,97.80000305175781,4,null,null,0,1377339167000
52.21998711,6.89428714,97.80000305175781,4,null,null,0,1377339168000
52.2199871,6.89428713,97.80000305175781,4,null,null,0,1377339169000
52.2200477,6.8942552,null,26,null,null,null,1377339769454
52.21998709,6.89428713,97.80000305175781,4,null,null,0,1377339170000
52.21998709,6.89428712,97.80000305175781,4,null,null,0,1377339171000
52.21998709,6.89428711,97.80000305175781,4,null,null,0,1377339172000
52.21998708,6.89428709,97.80000305175781,4,null,null,0,1377339173000
52.21998708,6.89428707,97.80000305175781,4,null,null,0,1377339174000
52.21998708,6.89428706,97.80000305175781,4,null,null,0,1377339175000
52.21998708,6.89428705,97.80000305175781,4,null,null,0,1377339176000
52.21998708,6.89428705,97.80000305175781,5,null,null,0,1377339177000
52.21998708,6.89428704,97.80000305175781,5,null,null,0,1377339178000
52.21998708,6.89428701,97.80000305175781,5,null,null,0,1377339179000
52.21998708,6.89428698,97.9000015258789,5,null,null,0,1377339180000
52.21998708,6.89428697,97.80000305175781,5,null,null,0,1377339181000
52.21998708,6.89428694,97.80000305175781,5,null,null,0,1377339182000
52.21998707,6.89428694,97.80000305175781,5,null,null,0,1377339183000
52.21998703,6.89428696,97.80000305175781,5,null,null,0,1377339184000
52.21998698,6.894287,97.80000305175781,5,null,null,0,1377339185000
52.21998693,6.89428704,97.80000305175781,5,null,null,0,1377339186000
52.21998688,6.89428707,97.80000305175781,4,null,null,0,1377339187000
52.21998684,6.8942871,97.80000305175781,5,null,null,0,1377339188000
52.21998682,6.89428712,97.80000305175781,5,null,null,0,1377339189000
52.2199868,6.89428714,97.80000305175781,5,null,null,0,1377339190000
52.21998676,6.89428716,97.80000305175781,5,null,null,0,1377339191000
52.21998673,6.89428718,97.80000305175781,5,null,null,0,1377339192000
52.21998669,6.8942872,97.80000305175781,5,null,null,0,1377339193000
52.21998665,6.89428722,97.80000305175781,4,null,null,0,1377339194000
52.21998662,6.89428724,97.80000305175781,5,null,null,0,1377339195000
52.21998659,6.89428726,97.80000305175781,5,null,null,0,1377339196000
52.21998654,6.89428728,97.80000305175781,5,null,null,0,1377339197000
52.21998646,6.89428733,97.80000305175781,4,null,null,0,1377339198000
52.21998641,6.89428736,97.80000305175781,4,null,null,0,1377339199000
52.21998638,6.89428737,97.80000305175781,4,null,null,0,1377339200000
52.21998635,6.89428737,97.80000305175781,4,null,null,0,1377339201000
52.21998634,6.89428738,97.80000305175781,5,null,null,0,1377339202000
52.21998634,6.89428739,97.80000305175781,5,null,null,0,1377339203000
52.21998637,6.89428737,97.80000305175781,5,null,null,0,1377339204000
52.21998638,6.89428736,97.80000305175781,5,null,null,0,1377339205000
52.21998639,6.89428736,97.80000305175781,5,null,null,0,1377339206000
52.21998637,6.89428736,97.80000305175781,5,null,null,0,1377339207000
52.21998633,6.89428736,97.80000305175781,5,null,null,0,1377339208000
52.21998626,6.89428736,97.80000305175781,5,null,null,0,1377339209000
52.21998618,6.89428736,97.80000305175781,5,null,null,0,1377339210000
52.21998606,6.89428737,97.80000305175781,5,null,null,0,1377339211000
52.21998596,6.89428738,97.9000015258789,5,null,null,0,1377339212000
52.21998586,6.89428738,97.9000015258789,5,null,null,0,1377339213000
52.21998574,6.89428739,97.9000015258789,5,null,null,0,1377339214000
52.2201879,6.8942263,null,31,null,null,null,1377339814505
52.21998563,6.8942874,97.9000015258789,5,null,null,0,1377339215000
52.21998554,6.89428742,97.9000015258789,5,null,null,0,1377339216000
52.21998546,6.89428743,97.9000015258789,5,null,null,0,1377339217000
52.21998537,6.89428744,97.9000015258789,5,null,null,0,1377339218000
52.21998531,6.89428744,97.9000015258789,5,null,null,0,1377339219000
52.21998525,6.89428746,97.9000015258789,4,null,null,0,1377339220000
52.21998522,6.89428746,97.9000015258789,5,null,null,0,1377339221000
52.21998522,6.89428746,97.9000015258789,7,null,null,0,1377339222000
52.21998518,6.89428747,97.9000015258789,6,null,null,0,1377339223000
52.21998513,6.89428751,97.9000015258789,5,null,null,0,1377339224000
52.21998512,6.89428752,97.9000015258789,5,null,null,0,1377339225000
52.21998511,6.89428752,97.9000015258789,5,null,null,0,1377339226000
52.21998511,6.89428753,97.9000015258789,4,null,null,0,1377339227000
52.2199851,6.89428754,97.9000015258789,4,null,null,0,1377339228000
52.21998509,6.89428757,97.9000015258789,4,null,null,0,1377339229000
52.21998508,6.89428759,97.9000015258789,4,null,null,0,1377339230000
52.21998506,6.89428762,97.9000015258789,4,null,null,0,1377339231000
52.21998505,6.89428763,97.9000015258789,4,null,null,0,1377339232000
52.21998504,6.89428764,97.9000015258789,4,null,null,0,1377339233000
52.21998503,6.89428765,97.9000015258789,4,null,null,0,1377339234000
52.21998501,6.89428766,97.9000015258789,4,null,null,0,1377339235000
52.21998499,6.89428767,97.9000015258789,4,null,null,0,1377339236000
52.21998496,6.8942877,97.9000015258789,4,null,null,0,1377339237000
52.21998494,6.89428772,97.9000015258789,4,null,null,0,1377339238000
52.21998492,6.89428772,97.9000015258789,4,null,null,0,1377339239000
52.21998491,6.89428773,97.9000015258789,4,null,null,0,1377339240000
52.21997931,6.8942863,97.9000015258789,4,null,169.6999969482422,0.75,1377339241000
52.21996152,6.89429488,97.30000305175781,4,null,170.89999389648438,1,1377339242000
52.21993047,6.89430789,95.80000305175781,4,null,175.1999969482422,0.75,1377339243000
52.21989659,6.89431877,96.19999694824219,3,null,172.60000610351562,1,1377339244000
52.21986334,6.89433346,96.0999984741211,3,null,174,1,1377339245000
52.21983463,6.89434502,95.69999694824219,4,null,178.60000610351562,0.75,1377339246000
52.21981031,6.89435573,96.4000015258789,3,null,178.60000610351562,0.75,1377339247000
52.21978751,6.89436443,98.30000305175781,4,null,178.60000610351562,0.75,1377339248000
52.21976708,6.89437233,98.19999694824219,4,null,178.60000610351562,0.75,1377339249000
52.2197504,6.89438125,100.69999694824219,4,null,178.60000610351562,0.75,1377339250000
52.2197339,6.89439224,102.0999984741211,4,null,178.60000610351562,0.5,1377339251000
52.21971843,6.89440244,101,4,null,178.60000610351562,0.5,1377339252000
52.21970373,6.89441391,101.5,4,null,178.60000610351562,0.5,1377339253000
52.21968662,6.89442459,101.5,3,null,178.60000610351562,0.5,1377339254000
52.21967053,6.89443575,101.19999694824219,3,null,178.60000610351562,0.75,1377339255000
52.21965512,6.89444807,100.19999694824219,3,null,178.60000610351562,0.75,1377339256000
52.21964014,6.89445789,100.80000305175781,3,null,156.60000610351562,0.75,1377339257000
52.21962706,6.89446586,100.80000305175781,4,null,156.60000610351562,0.75,1377339258000
52.21961509,6.89447249,101.5999984741211,3,null,156.60000610351562,0.75,1377339259000
52.2198601,6.8943542,null,30,null,null,null,1377339859467
52.21960255,6.89447998,100.9000015258789,3,null,149,0.75,1377339260000
52.21959073,6.89449627,98,3,null,131.8000030517578,1,1377339261000
52.21958071,6.8945107,100,3,null,125.0999984741211,1,1377339262000
52.21957232,6.89452699,98.69999694824219,3,null,116.19999694824219,1.25,1377339263000
52.21956443,6.89454593,97.80000305175781,4,null,111.19999694824219,1.25,1377339264000
52.21955602,6.89454842,100.5,3,null,111.19999694824219,0.75,1377339265000
52.21954657,6.89454456,101.0999984741211,4,null,111.19999694824219,0.75,1377339266000
52.21953589,6.89453422,101.69999694824219,4,null,111.19999694824219,0.75,1377339267000
52.21952331,6.89452519,102,4,null,207.60000610351562,1,1377339268000
52.21951269,6.8945245,101.5,4,null,185.60000610351562,0.75,1377339269000
52.2195044,6.89453542,100.5999984741211,4,null,145,0.75,1377339270000
52.21950364,6.89453422,100.5999984741211,4,null,null,0,1377339271000
52.21950184,6.89453381,100.0999984741211,4,null,null,0,1377339272000
52.21950042,6.89453149,100.30000305175781,5,null,null,0,1377339273000
52.21949779,6.89453389,99.80000305175781,3,null,null,0,1377339274000
52.21949621,6.89453612,99.5999984741211,3,null,null,0,1377339275000
52.21949407,6.89453656,100,4,null,null,0,1377339276000
52.21949266,6.89453739,99.9000015258789,4,null,null,0,1377339277000
52.21949109,6.89453834,99.9000015258789,4,null,null,0,1377339278000
52.2194894,6.89453907,99.9000015258789,4,null,null,0,1377339279000
52.21948801,6.89453965,99.9000015258789,4,null,null,0,1377339280000
52.2194872,6.89454005,99.9000015258789,4,null,null,0,1377339281000
52.2194832,6.89454651,99.80000305175781,4,null,145,0.75,1377339282000
52.21947909,6.89455801,99.69999694824219,4,null,145,0.75,1377339283000
52.21947044,6.89455939,96.19999694824219,3,null,145,0.5,1377339284000
52.21945861,6.89456215,95.30000305175781,4,null,145,0.75,1377339285000
52.21944696,6.89457091,95.5999984741211,4,null,null,0,1377339286000
52.21943866,6.89457411,95.5999984741211,4,null,null,0,1377339287000
52.21943064,6.89457632,94.9000015258789,3,null,null,0,1377339288000
52.21942267,6.89458227,94.4000015258789,4,null,null,0,1377339289000
52.21940736,6.89459081,94,3,null,162.3000030517578,1.5,1377339290000
52.21939004,6.89459771,93.80000305175781,4,null,163.1999969482422,1.5,1377339291000
52.2193823,6.89460321,93.19999694824219,4,null,null,0,1377339292000
52.2193789,6.89460831,94.0999984741211,4,null,null,0,1377339293000
52.2193704,6.89462285,93.5999984741211,4,null,133,1.25,1377339294000
52.21936822,6.89462042,92.19999694824219,4,null,133,0.25,1377339295000
52.21936213,6.89462386,92.0999984741211,4,null,133,0.25,1377339296000
52.21935288,6.89462971,90.30000305175781,3,null,133,0.5,1377339297000
52.21934163,6.89463625,89.5,3,null,133,0.5,1377339298000
52.21932765,6.89464707,88.69999694824219,4,null,153,0.75,1377339299000
52.21931391,6.89465997,89.5,3,null,150,1,1377339300000
52.2193016,6.8946738,88.0999984741211,4,null,146.10000610351562,1,1377339301000
52.21929037,6.89468884,86.5,4,null,144.1999969482422,0.75,1377339302000
52.21928029,6.89470047,86.0999984741211,4,null,143.89999389648438,0.75,1377339303000
52.21926939,6.89470867,85.0999984741211,4,null,143.89999389648438,0.75,1377339304000
52.219902,6.8961039,null,795,null,null,null,1377339904486
52.21925825,6.89471327,84.69999694824219,5,null,143.89999389648438,0.75,1377339305000
52.21924754,6.89471855,84.30000305175781,4,null,143.89999389648438,0.75,1377339306000
52.219902,6.8961039,null,795,null,null,null,1377339906745
52.2192385,6.89472713,83.80000305175781,4,null,143.89999389648438,0.5,1377339307000
52.21922811,6.89474063,84.0999984741211,4,null,143.89999389648438,0.5,1377339308000
52.21921893,6.89475612,85.5999984741211,4,null,143.89999389648438,0.5,1377339309000
52.21920624,6.89477824,85.69999694824219,5,null,143.89999389648438,0.75,1377339310000
52.21919958,6.89479025,85.9000015258789,6,null,143.89999389648438,0.5,1377339311000
52.21919028,6.89480473,86.0999984741211,7,null,143.89999389648438,0.5,1377339312000
52.21918428,6.89481299,85.80000305175781,8,null,143.89999389648438,0.5,1377339313000
52.2191792,6.89482285,86,8,null,143.89999389648438,0.5,1377339314000
52.2191738,6.89483498,85.5999984741211,8,null,143.89999389648438,0.5,1377339315000
52.21916996,6.89484759,85.5999984741211,9,null,143.89999389648438,0.5,1377339316000
52.21916582,6.89486239,86.4000015258789,10,null,143.89999389648438,0.5,1377339317000
52.21915968,6.89488111,86.69999694824219,9,null,143.89999389648438,0.5,1377339318000
52.21915031,6.89489797,87.19999694824219,7,null,143.89999389648438,0.5,1377339319000
52.21912997,6.89492845,87.30000305175781,7,null,null,0,1377339320000
52.21911699,6.8949449,87.0999984741211,6,null,null,0,1377339321000
52.21910897,6.89495852,87.4000015258789,6,null,null,0,1377339322000
52.21910219,6.89496992,87.80000305175781,6,null,null,0,1377339323000
52.21909517,6.89497882,86.80000305175781,5,null,null,0,1377339324000
52.21909088,6.89498476,87,5,null,null,0,1377339325000
52.21908687,6.89498957,86.9000015258789,5,null,143.89999389648438,0.25,1377339326000
52.21908296,6.89499766,86.80000305175781,4,null,null,0,1377339327000
52.2190795,6.89500573,87.0999984741211,5,null,null,0,1377339328000
52.2190766,6.89501298,87.5999984741211,5,null,null,0,1377339329000
52.21907479,6.89502062,88.30000305175781,5,null,null,0,1377339330000
52.21907255,6.89502639,88.4000015258789,6,null,null,0,1377339331000
52.21907089,6.89503656,88.5999984741211,6,null,null,0,1377339332000
52.21906923,6.89504065,88.9000015258789,6,null,null,0,1377339333000
52.21906755,6.89504406,89.4000015258789,7,null,null,0,1377339334000
52.21906403,6.89504905,89.5999984741211,7,null,null,0,1377339335000
52.21906129,6.89505234,89.69999694824219,7,null,null,0,1377339336000
52.21905987,6.89505414,89.9000015258789,8,null,null,0,1377339337000
52.21905776,6.89505611,90,8,null,null,0,1377339338000
52.21905733,6.89505924,90.0999984741211,9,null,null,0,1377339339000
52.21905652,6.89506128,90.0999984741211,9,null,null,0,1377339340000
52.21905145,6.89506659,90.30000305175781,8,null,143.89999389648438,0.75,1377339341000
52.21905111,6.89505374,89.5999984741211,7,null,null,0,1377339342000
52.21905111,6.89505374,89.5999984741211,9,null,null,0,1377339343000
52.21904495,6.89504226,89.80000305175781,8,null,null,0,1377339344000
52.21903787,6.89503512,89.0999984741211,7,null,null,0,1377339345000
52.21900138,6.895053,88.19999694824219,8,null,null,0,1377339346000
52.21900138,6.895053,88.19999694824219,9,null,null,0,1377339347000
52.2189878,6.89506761,88.19999694824219,8,null,null,0,1377339348000
52.2189797,6.89508382,88.30000305175781,8,null,null,0,1377339349000
52.2189797,6.89508382,88.30000305175781,9,null,null,0,1377339350000
52.2187068,6.8950767,null,52,null,null,null,1377339951169
52.21895999,6.89511529,87.19999694824219,8,null,143.89999389648438,0.25,1377339351000
52.21896172,6.89511935,85.5,9,null,143.89999389648438,0.25,1377339352000
52.21895825,6.89513529,85.0999984741211,10,null,143.89999389648438,0.25,1377339353000
52.21894379,6.8951648,83.80000305175781,9,null,143.89999389648438,0.5,1377339354000
52.21894058,6.89519142,83.9000015258789,7,null,143.89999389648438,0.5,1377339355000
52.21893382,6.89521813,83.4000015258789,7,null,143.89999389648438,0.75,1377339356000
52.21892624,6.89524316,83.19999694824219,6,null,143.89999389648438,0.75,1377339357000
52.21891991,6.89526611,82.9000015258789,6,null,143.89999389648438,0.75,1377339358000
52.21891316,6.89528834,83.5999984741211,6,null,117.30000305175781,0.75,1377339359000
52.21891101,6.89532015,85.5999984741211,6,null,90.80000305175781,0.75,1377339360000
52.2189181,6.89533372,89,6,null,90.80000305175781,0.75,1377339361000
52.21892829,6.89534231,88.80000305175781,5,null,30.299999237060547,0.75,1377339362000
52.21894059,6.89534927,88.5,5,null,11.300000190734863,1,1377339363000
52.21895679,6.89535494,90.4000015258789,6,null,0.30000001192092896,1.25,1377339364000
52.21897049,6.89536488,89.4000015258789,6,null,7.900000095367432,1.25,1377339365000
52.21898027,6.89538141,88.30000305175781,6,null,19.399999618530273,1.25,1377339366000
52.21899127,6.89539547,88.80000305175781,6,null,26.5,1.25,1377339367000
52.21900066,6.89540309,88.80000305175781,8,null,26.5,1.25,1377339368000
52.21900809,6.89542304,84.80000305175781,6,null,33.099998474121094,1,1377339369000
52.21901689,6.89544852,84.5,5,null,32.20000076293945,1.25,1377339370000
52.21902024,6.89547564,84.0999984741211,5,null,46.400001525878906,1,1377339371000
52.21902597,6.89548543,83.5,6,null,46.400001525878906,1,1377339372000
52.21901936,6.89551546,84.19999694824219,6,null,46.400001525878906,0.75,1377339373000
52.21901156,6.89555062,84.5999984741211,5,null,99.80000305175781,1,1377339374000
52.21900431,6.8955763,82.5,5,null,124.19999694824219,0.75,1377339375000
52.21900051,6.89559902,80.69999694824219,5,null,124.19999694824219,0.75,1377339376000
52.21899681,6.8956374,81.80000305175781,6,null,null,0,1377339377000
52.21899902,6.89565744,80.69999694824219,5,null,null,0,1377339378000
52.21899568,6.89567815,82,6,null,null,0,1377339379000
52.21899728,6.89569419,83.4000015258789,6,null,null,0,1377339380000
52.21899728,6.89569419,83.4000015258789,7,null,null,0,1377339381000
52.21899965,6.89571107,84.5999984741211,6,null,null,0,1377339382039
52.21899726,6.89573349,84.19999694824219,5,null,124.19999694824219,0.5,1377339383000
52.21899088,6.89574543,84.69999694824219,6,null,139.1999969482422,1,1377339384000
52.21898977,6.89575959,85.69999694824219,5,null,139.1999969482422,0.5,1377339385000
52.21898959,6.89577837,87.5,6,null,139.1999969482422,0.75,1377339386000
52.21898946,6.8957992,86.9000015258789,7,null,80.9000015258789,0.75,1377339387000
52.21899124,6.89582391,86.9000015258789,7,null,71.4000015258789,1,1377339388000
52.21899107,6.89584498,87.5999984741211,6,null,71.4000015258789,0.75,1377339389000
52.21898644,6.89586406,86.5999984741211,6,null,71.4000015258789,0.75,1377339390000
52.21898393,6.89587251,85.80000305175781,7,null,71.4000015258789,0.75,1377339391000
52.21897775,6.89589529,86.30000305175781,6,null,71.4000015258789,0.5,1377339392000
52.21897905,6.89591119,86.0999984741211,6,null,71.4000015258789,0.75,1377339393000
52.21898294,6.89592675,85.69999694824219,6,null,57.70000076293945,0.75,1377339394000
52.21898688,6.89593691,85.80000305175781,7,null,57.70000076293945,0.75,1377339395000
52.2189933,6.8959501,83.69999694824219,7,null,44.5,1,1377339396000
52.2190346,6.8957819,null,54,null,null,null,1377339996401
52.21900109,6.89596321,84.9000015258789,5,null,39.79999923706055,0.75,1377339397000
52.21900739,6.89597503,85,6,null,39.79999923706055,0.75,1377339398000
52.21901379,6.89598689,84.69999694824219,6,null,43.400001525878906,0.75,1377339399000
52.2190197,6.89599909,85,6,null,43.400001525878906,0.75,1377339400000
52.21902339,6.89600676,84.5,7,null,43.400001525878906,0.75,1377339401000
52.21902727,6.89601675,84.19999694824219,6,null,43.400001525878906,0.5,1377339402000
52.21903281,6.89602997,83.69999694824219,5,null,43.400001525878906,0.5,1377339403000
52.21903499,6.89603479,82.69999694824219,6,null,43.400001525878906,0.5,1377339404000
52.21903937,6.89604493,83.69999694824219,4,null,null,0,1377339405000
52.21904282,6.89604557,82.9000015258789,3,null,null,0,1377339406000
52.21904282,6.89604557,82.9000015258789,4,null,null,0,1377339407000
52.21904521,6.89604634,83.0999984741211,4,null,null,0,1377339408000
52.21904521,6.89604634,83.0999984741211,6,null,null,0,1377339409000
52.21904516,6.89605061,83.0999984741211,4,null,null,0,1377339410000
52.21904697,6.89605373,83.0999984741211,3,null,null,0,1377339411000
52.21904909,6.89605837,82.9000015258789,3,null,43.400001525878906,0.5,1377339412000
52.21905163,6.89606438,82.4000015258789,5,null,43.400001525878906,0.5,1377339413000
52.21906057,6.89607821,83.0999984741211,3,null,43.400001525878906,0.25,1377339414000
52.21906644,6.89609905,83.0999984741211,4,null,null,0,1377339415000
52.21906644,6.89609905,83.0999984741211,5,null,null,0,1377339416000
52.21907037,6.89611151,82.9000015258789,5,null,null,0,1377339417000
52.21907727,6.89612216,82.9000015258789,6,null,null,0,1377339418000
52.21908556,6.89613026,82.4000015258789,4,null,null,0,1377339419000
52.21908748,6.89613162,82.69999694824219,4,null,null,0,1377339420000
52.21908786,6.89613213,82.4000015258789,3,null,null,0,1377339421000
52.21908786,6.89613213,82.4000015258789,4,null,null,0,1377339422000
52.21908907,6.89613278,83.19999694824219,4,null,null,0,1377339423000
52.21908944,6.89613165,83.19999694824219,5,null,null,0,1377339424000
52.21909157,6.89613241,83.5999984741211,4,null,null,0,1377339425000
52.21909415,6.89613597,83.80000305175781,4,null,null,0,1377339426000
52.21909636,6.89614414,83.5999984741211,4,null,43.400001525878906,0.5,1377339427000
52.21909985,6.89614465,82.9000015258789,3,null,43.400001525878906,0.25,1377339428000
52.2191044,6.89615089,83.19999694824219,3,null,43.400001525878906,0.5,1377339429000
52.21910644,6.89615707,82.80000305175781,5,null,43.400001525878906,0.5,1377339430000
52.21910619,6.89616551,82.5999984741211,4,null,43.400001525878906,0.5,1377339431000
52.21910246,6.89617781,82.19999694824219,3,null,43.400001525878906,0.5,1377339432000
52.21910081,6.89618498,82.69999694824219,4,null,43.400001525878906,0.5,1377339433000
52.21909763,6.89619721,83,4,null,43.400001525878906,0.5,1377339434000
52.21909618,6.89621332,84.69999694824219,3,null,43.400001525878906,0.5,1377339435000
52.21909572,6.89621979,85.4000015258789,5,null,43.400001525878906,0.5,1377339436000
52.21909722,6.8962317,81.5,3,null,43.400001525878906,0.25,1377339437000
52.21909622,6.8962391,80.19999694824219,3,null,43.400001525878906,0.25,1377339438000
52.21909571,6.89624106,79.30000305175781,5,null,43.400001525878906,0.25,1377339439000
52.2192176,6.8960372,null,30,null,null,null,1377340039555
52.21909321,6.89624731,78.9000015258789,5,null,43.400001525878906,0.25,1377339440000
52.21909365,6.89626411,79.5999984741211,3,null,null,0,1377339441000
52.21909365,6.89626411,79.5999984741211,4,null,null,0,1377339442000
52.21909238,6.89627267,79.69999694824219,5,null,null,0,1377339443000
52.21909238,6.89627267,79.69999694824219,7,null,null,0,1377339444000
52.21909146,6.89628138,79.5,4,null,null,0,1377339445000
52.21909183,6.89628613,79.30000305175781,4,null,null,0,1377339446000
52.21909195,6.89628581,79.4000015258789,3,null,null,0,1377339447000
52.21909232,6.89628497,79.19999694824219,4,null,null,0,1377339448000
52.21909213,6.89628505,79.19999694824219,4,null,null,0,1377339449000
52.21909249,6.89628461,79.4000015258789,4,null,null,0,1377339450000
52.21909482,6.89628279,79.5999984741211,4,null,null,0,1377339451000
52.21909717,6.89628043,79.5,4,null,null,0,1377339452000
52.21909892,6.89627959,79.69999694824219,4,null,null,0,1377339453000
52.21910073,6.89627868,79.80000305175781,4,null,null,0,1377339454000
52.21910089,6.8962786,79.69999694824219,3,null,null,0,1377339455000
52.21910101,6.89627858,79.69999694824219,4,null,null,0,1377339456000
52.21910113,6.89627854,79.69999694824219,4,null,null,0,1377339457000
52.21910114,6.89627854,79.69999694824219,4,null,null,0,1377339458000
52.21910116,6.89627853,79.69999694824219,4,null,null,0,1377339459000
52.21910116,6.89627852,79.69999694824219,3,null,null,0,1377339460000
52.21910116,6.89627852,79.69999694824219,5,null,null,0,1377339461000
52.21910118,6.89627848,79.69999694824219,4,null,null,0,1377339462000
52.2191012,6.89627846,79.69999694824219,4,null,null,0,1377339463000
52.21910121,6.89627844,79.69999694824219,4,null,null,0,1377339464000
52.21909421,6.89627997,79.5,3,null,172.3000030517578,0.75,1377339465000
52.21911003,6.89627989,81.69999694824219,3,null,null,0,1377339466000
52.21911913,6.89628295,81.69999694824219,3,null,null,0,1377339467000
52.21911913,6.89628295,81.69999694824219,5,null,null,0,1377339468000
52.21912681,6.89627728,82.19999694824219,4,null,null,0,1377339469000
52.21912731,6.89627418,82.30000305175781,3,null,null,0,1377339470000
52.21912909,6.89627272,82.30000305175781,3,null,null,0,1377339471000
52.21912909,6.89627272,82.30000305175781,4,null,null,0,1377339472000
52.21913163,6.89627337,82.80000305175781,4,null,null,0,1377339473000
52.21913335,6.89627198,83,3,null,null,0,1377339474000
52.21913335,6.89627198,83,4,null,null,0,1377339475000
52.21913945,6.89627034,82.69999694824219,4,null,null,0,1377339476000
52.21913804,6.896268,82.5,3,null,null,0,1377339477000
52.21913696,6.89626639,82.5999984741211,3,null,null,0,1377339478000
52.21914045,6.89626399,82.30000305175781,3,null,172.3000030517578,0.75,1377339479000
52.21913959,6.89626122,82.0999984741211,3,null,null,0,1377339480000
52.21913779,6.89625909,81.5999984741211,3,null,null,0,1377339481000
52.21913601,6.8962559,81.0999984741211,3,null,null,0,1377339482000
52.21913601,6.8962559,81.0999984741211,5,null,null,0,1377339483000
52.2191356,6.89625548,81.30000305175781,4,null,null,0,1377339484000
52.2192428,6.8960226,null,21,null,null,null,1377340084686
52.21913541,6.89625431,81.80000305175781,3,null,null,0,1377339485000
52.2191381,6.89625444,82.80000305175781,3,null,null,0,1377339486000
52.2191381,6.89625444,82.80000305175781,4,null,null,0,1377339487000
52.21913223,6.89625152,82.80000305175781,3,null,null,0,1377339488000
52.21913428,6.89625296,83.4000015258789,3,null,null,0,1377339489000
52.21913428,6.89625296,83.4000015258789,4,null,null,0,1377339490000
52.2191353,6.89625393,83.69999694824219,4,null,null,0,1377339491000
52.2191363,6.89625492,83.5999984741211,3,null,null,0,1377339492000
52.21913725,6.89625563,83.80000305175781,3,null,null,0,1377339493000
52.21913772,6.89625593,83.80000305175781,3,null,null,0,1377339494000
52.21913772,6.89625593,83.80000305175781,4,null,null,0,1377339495000
52.21913798,6.89625598,83.80000305175781,4,null,null,0,1377339496000
52.21913812,6.89625603,83.80000305175781,4,null,null,0,1377339497000
52.2191382,6.89625605,83.80000305175781,4,null,null,0,1377339498000
52.21913823,6.89625607,83.80000305175781,4,null,null,0,1377339499000
52.21913822,6.89625608,83.9000015258789,4,null,null,0,1377339500000
52.21913821,6.89625609,83.9000015258789,4,null,null,0,1377339501000
52.21913821,6.89625609,83.9000015258789,4,null,null,0,1377339502000
52.21913821,6.89625609,83.9000015258789,6,null,null,0,1377339503000
52.21913821,6.89625608,83.9000015258789,5,null,null,0,1377339504000
52.2191411,6.89624711,83.80000305175781,6,null,172.3000030517578,0.5,1377339505000
52.21914528,6.89624454,83.80000305175781,4,null,172.3000030517578,0.25,1377339506000
52.21915429,6.89623723,84.5,5,null,172.3000030517578,0.5,1377339507000
52.21916368,6.89622932,84.9000015258789,4,null,172.3000030517578,0.5,1377339508000
52.2191727,6.89622198,85.4000015258789,4,null,172.3000030517578,0.5,1377339509000
52.21918253,6.89621739,86.5999984741211,5,null,172.3000030517578,0.5,1377339510000
52.21919832,6.89620816,88.0999984741211,5,null,172.3000030517578,0.5,1377339511000
52.21922743,6.8962049,89.80000305175781,4,null,null,0,1377339512000
52.21924335,6.89620686,90.4000015258789,4,null,null,0,1377339513000
52.21925587,6.89620731,90,5,null,null,0,1377339514000
52.21926533,6.89620868,90.80000305175781,5,null,null,0,1377339515000
52.21927519,6.89621001,92,5,null,null,0,1377339516000
52.21928177,6.89620936,92.69999694824219,5,null,null,0,1377339517000
52.2192868,6.89620633,93.30000305175781,5,null,null,0,1377339518000
52.21929253,6.89620717,94,5,null,null,0,1377339519000
52.21929758,6.89620621,94.30000305175781,5,null,null,0,1377339520000
52.2193031,6.89620353,94.4000015258789,5,null,null,0,1377339521000
52.21930842,6.89620088,94.4000015258789,5,null,null,0,1377339522000
52.21931794,6.89619742,93.9000015258789,4,null,null,0,1377339523000
52.21932351,6.89619537,93.9000015258789,4,null,null,0,1377339524000
52.21932656,6.89619428,93.9000015258789,5,null,null,0,1377339525000
52.21932891,6.89619351,93.9000015258789,5,null,null,0,1377339526000
52.21933808,6.89619171,93.9000015258789,5,null,353.5,1,1377339527000
52.21935055,6.89619291,96.4000015258789,5,null,5.199999809265137,1,1377339528000
52.21937448,6.89618283,98.0999984741211,6,null,357.1000061035156,1,1377339529000
52.2192931,6.8960364,null,30,null,null,null,1377340129601
52.21939416,6.89617598,98.4000015258789,6,null,357.79998779296875,1,1377339530000
52.21941627,6.89615335,99.30000305175781,6,null,344.1000061035156,1,1377339531000
52.21943396,6.89613838,100.19999694824219,5,null,340.70001220703125,1,1377339532000
52.21945198,6.89612542,100.30000305175781,6,null,338.29998779296875,1,1377339533000
52.21949175,6.89612193,99.80000305175781,6,null,351.3999938964844,1.25,1377339534000
52.21952094,6.89611612,99.69999694824219,6,null,354.29998779296875,1.25,1377339535000
52.21955036,6.89610819,100.5999984741211,6,null,354.79998779296875,1.5,1377339536000
52.21957531,6.89609759,98.5,5,null,347.29998779296875,1.25,1377339537000
52.21959549,6.8960858,97.80000305175781,5,null,338.29998779296875,1,1377339538000
52.21960929,6.89607696,96.69999694824219,4,null,338.29998779296875,0.75,1377339539000
52.21961886,6.89606817,94.30000305175781,4,null,338.29998779296875,0.5,1377339540000
52.21962004,6.8960626,92.5999984741211,5,null,338.29998779296875,0.5,1377339541000
52.21963828,6.89605219,93.5999984741211,4,null,338.29998779296875,0.25,1377339542000
52.21963949,6.8960505,93,5,null,338.29998779296875,0.25,1377339543000
52.21965705,6.89604926,93.0999984741211,4,null,338.29998779296875,0.25,1377339544000
52.21965992,6.89605064,92.80000305175781,6,null,338.29998779296875,0.25,1377339545000
52.21966324,6.89605912,94.5999984741211,5,null,338.29998779296875,0.5,1377339546000
52.21966883,6.89607449,95.5999984741211,4,null,338.29998779296875,0.5,1377339547000
52.21967548,6.89608558,93.5999984741211,4,null,338.29998779296875,0.5,1377339548000
52.21968739,6.8960873,92.0999984741211,3,null,338.29998779296875,0.5,1377339549000
52.21969671,6.89608523,93,3,null,338.29998779296875,0.5,1377339550000
52.21970373,6.89608631,93.5999984741211,3,null,338.29998779296875,0.25,1377339551000
52.21970446,6.89608903,93,5,null,338.29998779296875,0.25,1377339552000
52.21971705,6.89609417,93.4000015258789,3,null,338.29998779296875,0.25,1377339553000
52.21972412,6.89610127,93.0999984741211,3,null,338.29998779296875,0.5,1377339554000
52.21973088,6.89610954,93.69999694824219,3,null,338.29998779296875,0.5,1377339555000
52.21973392,6.896115,93.9000015258789,4,null,338.29998779296875,0.5,1377339556000
52.21973937,6.89612347,94.19999694824219,5,null,338.29998779296875,0.5,1377339557000
52.21974295,6.89613148,93.30000305175781,4,null,338.29998779296875,0.5,1377339558000
52.21974438,6.89613736,93,5,null,338.29998779296875,0.5,1377339559000
52.21974773,6.89614744,92.69999694824219,3,null,338.29998779296875,0.25,1377339560000
52.21974829,6.89615282,92.5999984741211,5,null,338.29998779296875,0.25,1377339561000
52.21974762,6.89615626,92.80000305175781,4,null,338.29998779296875,0.25,1377339562000
52.21975158,6.89615851,92,4,null,null,0,1377339563000
52.21975344,6.89616064,92,5,null,null,0,1377339564000
52.21975489,6.89616113,92.0999984741211,4,null,null,0,1377339565000
52.21975489,6.89616113,92.0999984741211,6,null,null,0,1377339566000
52.21976216,6.8961616,92.0999984741211,5,null,null,0,1377339567000
52.21976318,6.89616048,92,5,null,null,0,1377339568000
52.21976373,6.89616013,91.9000015258789,5,null,null,0,1377339569000
52.21976348,6.89616199,91.69999694824219,5,null,null,0,1377339570000
52.21976313,6.89616652,91.4000015258789,5,null,null,0,1377339571000
52.21976364,6.89616963,91.4000015258789,5,null,null,0,1377339572000
52.21976059,6.89617571,92.0999984741211,4,null,null,0,1377339573000
52.21976059,6.89617571,92.0999984741211,5,null,null,0,1377339574000
52.21975905,6.89617875,92.0999984741211,5,null,null,0,1377339575000
52.21976273,6.89618224,92.5,4,null,338.29998779296875,0.5,1377339576000
52.2197432,6.8961643,null,30,null,null,null,1377340176373
52.21976618,6.89618304,92.69999694824219,3,null,338.29998779296875,0.25,1377339577000
52.21976959,6.89618813,95,4,null,338.29998779296875,0.25,1377339578000
52.21977165,6.89618985,95,5,null,338.29998779296875,0.25,1377339579000
52.21977647,6.8961971,95,5,null,null,0,1377339580000
52.219778,6.89620336,95.4000015258789,5,null,null,0,1377339581000
52.21977799,6.89620647,95.4000015258789,5,null,null,0,1377339582000
52.21977501,6.89622177,91.9000015258789,4,null,null,0,1377339583000
52.21977501,6.89622177,91.9000015258789,5,null,null,0,1377339584000
52.21977165,6.89622563,91.80000305175781,5,null,null,0,1377339585000
52.21976965,6.89623003,91.4000015258789,5,null,null,0,1377339586000
52.21977065,6.89623417,91.0999984741211,4,null,null,0,1377339587000
52.21977342,6.89623533,91,4,null,null,0,1377339588000
52.21977757,6.89623839,91.19999694824219,4,null,null,0,1377339589000
52.2197919,6.896252,null,30,null,null,null,1377340191264
52.21978018,6.89624075,91.30000305175781,4,null,null,0,1377339591067
52.21978279,6.89624029,91.19999694824219,4,null,null,0,1377339593000
52.21978433,6.89623967,91.19999694824219,3,null,null,0,1377339594000
52.21978663,6.8962384,91.0999984741211,3,null,null,0,1377339595000
52.21978843,6.89623745,91.0999984741211,3,null,null,0,1377339596000
52.21978872,6.8962373,91.0999984741211,3,null,null,0,1377339597000
52.21978872,6.8962373,91.0999984741211,4,null,null,0,1377339598000
52.21978891,6.89623718,91.0999984741211,3,null,null,0,1377339599000
52.219789,6.89623711,91.0999984741211,3,null,null,0,1377339600000
52.21978904,6.8962371,91.0999984741211,4,null,null,0,1377339601000
52.21978911,6.89623707,91,4,null,null,0,1377339602000
52.21978915,6.89623706,91,4,null,null,0,1377339603000
52.21978947,6.89623696,91,4,null,null,0,1377339604000
52.21978975,6.89623687,91,4,null,null,0,1377339605000
52.21978995,6.8962368,91,4,null,null,0,1377339606000
52.21979011,6.89623674,91,4,null,null,0,1377339607000
52.21979021,6.8962367,91,4,null,null,0,1377339608000
52.21979026,6.89623668,91,4,null,null,0,1377339609000
52.21979025,6.89623668,91,3,null,null,0,1377339610000
52.21979023,6.89623668,91,3,null,null,0,1377339611000
52.21979003,6.89623673,91,3,null,null,0,1377339612000
52.21978995,6.89623675,91,3,null,null,0,1377339613000
52.21978982,6.89623678,91,3,null,null,0,1377339614000
52.21978975,6.89623679,91,3,null,null,0,1377339615000
52.21978972,6.89623679,91,4,null,null,0,1377339616000
52.21978971,6.89623679,91,4,null,null,0,1377339617000
52.2197897,6.89623679,91,4,null,null,0,1377339618000
52.2197897,6.89623679,91,4,null,null,0,1377339619000
52.2197897,6.89623679,91,4,null,null,0,1377339620000
52.2197875,6.89623993,90.5999984741211,3,null,338.29998779296875,0.25,1377339621000
52.21979025,6.89623667,90.0999984741211,3,null,null,0,1377339622000
52.21979389,6.89623471,90.19999694824219,3,null,null,0,1377339623000
52.21979457,6.896235,90.4000015258789,3,null,null,0,1377339624000
52.21979566,6.89623437,90.5,3,null,null,0,1377339625000
52.21979601,6.89623351,90.5,3,null,null,0,1377339626000
52.21979717,6.8962349,90.5999984741211,3,null,null,0,1377339627000
52.21979901,6.89623526,90.5,3,null,null,0,1377339628000
52.21980217,6.89623334,90.5999984741211,3,null,null,0,1377339629000
52.21980332,6.89623269,90.80000305175781,3,null,null,0,1377339630000
52.21980519,6.89623056,91,4,null,null,0,1377339631000
52.21980714,6.89622809,91.0999984741211,3,null,null,0,1377339632000
52.21980807,6.8962266,91.0999984741211,4,null,null,0,1377339633000
52.21980837,6.89622685,91.19999694824219,4,null,null,0,1377339634000
52.21980887,6.89622621,91.0999984741211,3,null,null,0,1377339635000
52.219764,6.8962488,null,36,null,null,null,1377340235600
52.21980923,6.89622571,91.0999984741211,4,null,null,0,1377339636000
52.21980942,6.89622541,91.0999984741211,4,null,null,0,1377339637000
52.21980955,6.89622519,91.0999984741211,4,null,null,0,1377339638000
52.2198079,6.89622241,90.80000305175781,3,null,338.29998779296875,0.25,1377339639000
52.21980059,6.89621674,90.9000015258789,3,null,null,0,1377339640000
52.21979357,6.89621369,91.0999984741211,3,null,191.60000610351562,0.75,1377339641000
52.21978706,6.89621152,91.4000015258789,4,null,191.60000610351562,0.75,1377339642000
52.21978987,6.89621623,90.19999694824219,4,null,null,0,1377339643000
52.21978965,6.89621739,90.5999984741211,3,null,null,0,1377339644000
52.21978965,6.89621739,90.5999984741211,5,null,null,0,1377339645000
52.21978824,6.89621909,90.69999694824219,4,null,null,0,1377339646000
52.2197887,6.89621776,90.5,4,null,null,0,1377339647000
52.21979093,6.89621368,90.5999984741211,3,null,null,0,1377339648000
52.21979376,6.89620841,90.5,3,null,null,0,1377339649000
52.21979659,6.89620604,90.5999984741211,4,null,null,0,1377339650000
