Latitude,Longitude,Altitude,Accuracy,Altitude Accuracy,Heading,Speed,Timestamp
52.22186025,6.8953582,84.30000305175781,4,null,278.29998779296875,6.1288251876831055,1377337774000
52.22186583,6.89533474,87.5999984741211,4,null,279.79998779296875,6.184658527374268,1377337775000
52.22186801,6.89531419,89.9000015258789,5,null,279.79998779296875,6.184658527374268,1377337776000
52.22187296,6.89528598,89.30000305175781,4,null,279.70001220703125,6.184658527374268,1377337777000
52.22187687,6.89525931,86.30000305175781,4,null,275.70001220703125,6.184658527374268,1377337778000
52.22188335,6.89523614,88.5999984741211,4,null,283.8999938964844,6.1288251876831055,1377337779000
52.22188824,6.8952218,86.4000015258789,3,null,288.6000061035156,6.046693325042725,1377337780000
52.22189067,6.89521008,83.5,5,null,288.6000061035156,6.046693325042725,1377337781000
52.22189298,6.89520536,77.69999694824219,4,null,288.6000061035156,6.005206108093262,1377337782000
52.22189502,6.89520131,76.0999984741211,4,null,288.6000061035156,6.005206108093262,1377337783000
52.22189403,6.89519909,75.4000015258789,5,null,null,6,1377337784000
52.22189299,6.8952031,79.30000305175781,4,null,288.6000061035156,6.005206108093262,1377337785000
52.22189149,6.89520263,80.0999984741211,3,null,288.6000061035156,6.005206108093262,1377337786000
52.22188916,6.89520387,80.4000015258789,4,null,288.6000061035156,6.005206108093262,1377337787000
52.22189255,6.8952001,80.69999694824219,4,null,null,6,1377337788000
52.2218923,6.89519706,80.9000015258789,3,null,null,6,1377337790000
52.22189638,6.89519772,81.5999984741211,3,null,null,6,1377337791000
52.22189617,6.89519326,82.9000015258789,3,null,null,6,1377337792000
52.2218953,6.89518994,83.80000305175781,3,null,null,6,1377337793000
52.2218953,6.89518994,83.80000305175781,4,null,null,6,1377337794000
52.22190487,6.8951938,83.5999984741211,3,null,22,6.082762718200684,1377337795000
52.22191339,6.89519942,83.0999984741211,4,null,22,6.082762718200684,1377337796000
52.22191914,6.89520396,84.5999984741211,4,null,22,6.046693325042725,1377337797000
52.22193021,6.89521342,84.4000015258789,5,null,29.799999237060547,6.082762718200684,1377337798000
52.22194253,6.89521966,83.80000305175781,3,null,22.399999618530273,6.1288251876831055,1377337799000
52.22195272,6.89522649,83.5,5,null,22.399999618530273,6.1288251876831055,1377337800000
52.22196568,6.89523074,84.0999984741211,3,null,13.100000381469727,6.1288251876831055,1377337801000
52.22197611,6.89523468,83.80000305175781,4,null,13.100000381469727,6.1288251876831055,1377337802000
52.2218397,6.8956407,null,49,null,null,null,1377338403112
52.2219862,6.8952349,85.69999694824219,4,null,6.599999904632568,6.082762718200684,1377337803000
52.22199332,6.89523856,86.19999694824219,3,null,13.600000381469727,6.082762718200684,1377337804000
52.2233722,6.8916214,null,1210,null,null,null,1377338404541
52.22200107,6.89524355,86.5999984741211,4,null,18.5,6.082762718200684,1377337805000
52.22200686,6.8952489,87.0999984741211,4,null,25.100000381469727,6.046693325042725,1377337806000
52.22201395,6.89525491,87.0999984741211,3,null,27.200000762939453,6.082762718200684,1377337807000
52.22202161,6.89526169,88.0999984741211,3,null,31.200000762939453,6.082762718200684,1377337808000
52.22202894,6.89526658,87.80000305175781,4,null,30,6.082762718200684,1377337809000
52.22203611,6.89526794,88,3,null,23,6.082762718200684,1377337810000
52.22204407,6.89527139,88.19999694824219,3,null,27.299999237060547,6.082762718200684,1377337811000
52.22205149,6.89527762,88.30000305175781,4,null,27.299999237060547,6.082762718200684,1377337812000
52.22205986,6.89528127,88.19999694824219,4,null,23.600000381469727,6.082762718200684,1377337813000
52.22206753,6.89528496,88.69999694824219,3,null,23.200000762939453,6.082762718200684,1377337814000
52.2220764,6.89529024,89.80000305175781,3,null,26.700000762939453,6.082762718200684,1377337815000
52.22208485,6.89529556,89.4000015258789,3,null,20.200000762939453,6.082762718200684,1377337816000
52.22209362,6.89530087,90.30000305175781,3,null,18.399999618530273,6.082762718200684,1377337817000
52.22210112,6.8953075,90.5,3,null,22.799999237060547,6.082762718200684,1377337818000
52.22210556,6.89531455,90.9000015258789,3,null,22.799999237060547,6.046693325042725,1377337819000
52.22211105,6.89532008,90.80000305175781,5,null,22.799999237060547,6.046693325042725,1377337820000
52.22211461,6.89532758,91.9000015258789,4,null,22.799999237060547,6.046693325042725,1377337821000
52.22211709,6.89533563,92.30000305175781,4,null,22.799999237060547,6.020797252655029,1377337822000
52.22212016,6.89534224,92.80000305175781,4,null,22.799999237060547,6.020797252655029,1377337823000
52.22212897,6.8953463,91.9000015258789,3,null,6,6.082762718200684,1377337824000
52.22214245,6.89534839,91,4,null,2.5,6.082762718200684,1377337825000
52.22216073,6.89534554,90.0999984741211,4,null,357.20001220703125,6.184658527374268,1377337826000
52.22218055,6.89534461,90.9000015258789,5,null,356,6.25,1377337827000
52.22219716,6.89534521,92.5999984741211,4,null,356.1000061035156,6.184658527374268,1377337828000
52.22221146,6.89534657,94,4,null,358.29998779296875,6.1288251876831055,1377337829000
52.22222373,6.89534599,94.30000305175781,5,null,358.29998779296875,6.1288251876831055,1377337830000
52.2222312,6.89535825,95,4,null,7.800000190734863,6.082762718200684,1377337831000
52.22223763,6.89536488,95.30000305175781,4,null,14.699999809265137,6.046693325042725,1377337832000
52.22223897,6.89537529,95.9000015258789,4,null,null,6,1377337833000
52.22223957,6.89537939,95.80000305175781,4,null,null,6,1377337834001
52.22223957,6.89537939,95.80000305175781,5,null,null,6,1377337835000
52.22224768,6.89538022,94.80000305175781,4,null,14.699999809265137,6.005206108093262,1377337836000
52.22224914,6.89538388,94.5,6,null,14.699999809265137,6.005206108093262,1377337837000
52.22225103,6.89538873,94.9000015258789,4,null,14.699999809265137,6.005206108093262,1377337838000
52.22225205,6.89539161,94.5,5,null,14.699999809265137,6.005206108093262,1377337839000
52.22226191,6.89539716,95.30000305175781,4,null,14.699999809265137,6.020797252655029,1377337840000
52.2222645,6.89540341,94.30000305175781,5,null,14.699999809265137,6.020797252655029,1377337841000
52.22227175,6.89540257,95.5999984741211,4,null,null,6,1377337842000
52.22227784,6.89540499,95.9000015258789,4,null,null,6,1377337843000
52.22228296,6.8954052,96.69999694824219,5,null,null,6,1377337844000
52.22228481,6.89540552,96.80000305175781,4,null,null,6,1377337845000
52.22228481,6.89540552,96.80000305175781,5,null,null,6,1377337846000
52.22228977,6.89540797,97.0999984741211,4,null,null,6,1377337847000
52.2218675,6.8955335,null,25,null,null,null,1377338448120
52.22228996,6.89541096,96.69999694824219,4,null,null,6,1377337848000
52.22228807,6.89541201,96.5999984741211,4,null,null,6,1377337849000
52.2233308,6.8912092,null,1224,null,null,null,1377338449621
52.22228807,6.89541201,96.5999984741211,5,null,null,6,1377337850000
52.22228684,6.89541559,97,4,null,null,6,1377337851000
52.22228684,6.89541559,97,5,null,null,6,1377337852000
52.22228706,6.89541629,97.19999694824219,4,null,null,6,1377337853000
52.22228706,6.89541629,97.19999694824219,5,null,null,6,1377337854000
52.22228712,6.89541698,97.0999984741211,4,null,null,6,1377337855000
52.22228714,6.89541724,97.19999694824219,4,null,null,6,1377337856000
52.22228718,6.89541737,97.19999694824219,4,null,null,6,1377337857000
52.22228725,6.89541743,97.19999694824219,5,null,null,6,1377337858000
52.22228725,6.89541743,97.19999694824219,6,null,null,6,1377337859000
52.22228733,6.89541745,97.19999694824219,4,null,null,6,1377337860000
52.22228735,6.89541746,97.19999694824219,4,null,null,6,1377337861000
52.22228738,6.89541748,97.19999694824219,4,null,null,6,1377337862000
52.22228739,6.89541748,97.19999694824219,3,null,null,6,1377337863000
52.22228739,6.89541748,97.19999694824219,4,null,null,6,1377337864000
52.22228744,6.89541744,97.19999694824219,4,null,null,6,1377337865000
52.22228744,6.89541744,97.19999694824219,5,null,null,6,1377337866000
52.22228747,6.89541741,97.19999694824219,4,null,null,6,1377337867000
52.22228751,6.8954174,97.19999694824219,4,null,null,6,1377337868000
52.22228756,6.89541738,97.19999694824219,4,null,null,6,1377337869000
52.22228759,6.89541739,97.19999694824219,4,null,null,6,1377337870000
52.2222876,6.89541738,97.19999694824219,4,null,null,6,1377337871000
52.2222876,6.89541736,97.19999694824219,4,null,null,6,1377337872000
52.2222876,6.89541734,97.19999694824219,4,null,null,6,1377337873000
52.22228762,6.89541733,97.19999694824219,5,null,null,6,1377337874000
52.22228764,6.89541735,97.19999694824219,5,null,null,6,1377337875000
52.22228768,6.89541742,97.19999694824219,5,null,null,6,1377337876000
52.22228773,6.89541749,97.19999694824219,5,null,null,6,1377337877000
52.22228779,6.89541759,97.19999694824219,5,null,null,6,1377337878000
52.22228787,6.89541768,97.19999694824219,5,null,null,6,1377337879000
52.22228787,6.89541768,97.19999694824219,6,null,null,6,1377337880000
52.2222686,6.8956415,null,63,null,null,null,1377338482390
52.22228774,6.89541785,97.19999694824219,4,null,null,6,1377337882341
52.22228764,6.89541794,97.19999694824219,5,null,null,6,1377337884000
52.22228762,6.89541799,97.19999694824219,4,null,null,6,1377337885000
52.22228764,6.89541802,97.19999694824219,4,null,null,6,1377337886000
52.22228766,6.89541805,97.19999694824219,3,null,null,6,1377337887000
52.22228769,6.89541808,97.19999694824219,3,null,null,6,1377337888000
52.22228769,6.89541808,97.19999694824219,5,null,null,6,1377337889000
52.2222877,6.89541811,97.19999694824219,4,null,null,6,1377337890000
52.22228773,6.89541814,97.19999694824219,3,null,null,6,1377337891000
52.22228773,6.89541814,97.19999694824219,5,null,null,6,1377337892000
52.22228774,6.89541817,97.19999694824219,4,null,null,6,1377337893000
52.22228812,6.89541816,97.19999694824219,4,null,null,6,1377337894000
52.22228834,6.89541811,97.19999694824219,3,null,null,6,1377337895000
52.22228846,6.89541809,97.19999694824219,3,null,null,6,1377337896000
52.22228565,6.89541878,97.19999694824219,4,null,14.699999809265137,6.005206108093262,1377337897000
52.22228844,6.89541948,97,3,null,null,6,1377337898000
52.22229056,6.89542046,96.9000015258789,3,null,null,6,1377337899000
52.22229159,6.89542459,96.5999984741211,4,null,null,6,1377337900000
52.22229287,6.8954273,97.4000015258789,3,null,null,6,1377337901000
52.22229287,6.8954273,97.4000015258789,5,null,null,6,1377337902000
52.22229511,6.89543158,97.69999694824219,3,null,null,6,1377337903000
52.22229842,6.89543379,97.80000305175781,3,null,null,6,1377337904000
52.22230155,6.89543599,97.9000015258789,4,null,null,6,1377337905000
52.22230402,6.89543697,97.69999694824219,4,null,null,6,1377337906000
52.2223059,6.89543733,97.80000305175781,3,null,null,6,1377337907000
52.22230857,6.89543971,97.9000015258789,3,null,null,6,1377337908000
52.22230775,6.89543806,97.9000015258789,3,null,14.699999809265137,6.005206108093262,1377337909000
52.22230105,6.89542997,98.5999984741211,3,null,218.6999969482422,6.082762718200684,1377337910000
52.22229691,6.89543022,99.19999694824219,3,null,218.6999969482422,6.020797252655029,1377337911000
52.22229216,6.8954285,99.30000305175781,4,null,218.6999969482422,6.020797252655029,1377337912000
52.22228318,6.89543045,99.0999984741211,5,null,184.6999969482422,6.046693325042725,1377337913000
52.22227392,6.89544135,99.19999694824219,4,null,165.1999969482422,6.082762718200684,1377337914000
52.22226885,6.89544237,100.80000305175781,3,null,165.1999969482422,6.046693325042725,1377337915000
52.22226482,6.89543543,99.9000015258789,4,null,165.1999969482422,6.046693325042725,1377337916000
52.22225568,6.8954288,103.30000305175781,3,null,198.1999969482422,6.082762718200684,1377337917000
52.22224741,6.89542436,105.5999984741211,4,null,198.1999969482422,6.082762718200684,1377337918000
52.2222322,6.89541653,106.0999984741211,4,null,196.1999969482422,6.1288251876831055,1377337919000
52.22222005,6.89540447,101.5,4,null,203.8000030517578,6.1288251876831055,1377337920000
52.22220699,6.89539428,101.19999694824219,3,null,197.1999969482422,6.1288251876831055,1377337921000
52.22219665,6.8953829,102.80000305175781,3,null,203.10000610351562,6.1288251876831055,1377337922000
52.22218567,6.89537526,104.5999984741211,4,null,203.10000610351562,6.1288251876831055,1377337923000
52.22216975,6.89536558,104.5999984741211,3,null,195.1999969482422,6.184658527374268,1377337924000
52.22215367,6.89536264,104.19999694824219,3,null,189.1999969482422,6.184658527374268,1377337925000
52.22214063,6.8953592,104.4000015258789,5,null,189.1999969482422,6.184658527374268,1377337926000
52.2219792,6.8955004,null,30,null,null,null,1377338526878
52.2221274,6.89535205,102,4,null,194,6.1288251876831055,1377337927000
52.2221156,6.89534515,102.5,3,null,193.39999389648438,6.1288251876831055,1377337928000
52.22210471,6.89534094,102,5,null,193.39999389648438,6.1288251876831055,1377337929000
52.22209491,6.89533296,100.9000015258789,4,null,197.1999969482422,6.1288251876831055,1377337930000
52.22208363,6.89532474,100.5999984741211,3,null,200.39999389648438,6.1288251876831055,1377337931000
52.22207392,6.89531531,97.69999694824219,3,null,202.39999389648438,6.082762718200684,1377337932000
52.22206384,6.89530569,98.19999694824219,3,null,201.39999389648438,6.082762718200684,1377337933000
52.22205423,6.89529955,98,4,null,201.39999389648438,6.082762718200684,1377337934000
52.22203828,6.89528782,98.30000305175781,3,null,199.89999389648438,6.1288251876831055,1377337935000
52.2220218,6.89527914,98.69999694824219,3,null,191.1999969482422,6.184658527374268,1377337936000
52.22200806,6.89527471,99.30000305175781,4,null,191.1999969482422,6.184658527374268,1377337937000
52.2219922,6.89526612,99.0999984741211,4,null,192.89999389648438,6.184658527374268,1377337938000
52.22197524,6.89526017,100.5,4,null,189,6.184658527374268,1377337939000
52.22195909,6.89525558,101.69999694824219,4,null,186.8000030517578,6.184658527374268,1377337940000
52.22194246,6.89525185,101.69999694824219,4,null,185.6999969482422,6.184658527374268,1377337941000
52.22192803,6.89524952,102.30000305175781,6,null,185.6999969482422,6.184658527374268,1377337942000
52.22190939,6.8952478,104.5,4,null,185.39999389648438,6.25,1377337943000
52.22189487,6.89524048,105.0999984741211,4,null,191.6999969482422,6.184658527374268,1377337944000
52.2218816,6.8952342,104.80000305175781,4,null,193.5,6.184658527374268,1377337945000
52.22186936,6.89522942,104.5999984741211,5,null,193.5,6.184658527374268,1377337946000
52.22185868,6.89522467,103.5999984741211,4,null,193.8000030517578,6.1288251876831055,1377337947000
52.22185507,6.89523323,105.5999984741211,3,null,164.10000610351562,6.046693325042725,1377337948000
52.22185199,6.89524494,106.80000305175781,4,null,138.39999389648438,6.082762718200684,1377337949000
52.22184772,6.89525748,107.30000305175781,3,null,128.60000610351562,6.082762718200684,1377337950000
52.22184236,6.89526841,107.80000305175781,4,null,128.60000610351562,6.082762718200684,1377337951000
52.22184032,6.89529066,107.5,3,null,124.9000015258789,6.082762718200684,1377337952000
52.22183492,6.89530327,107.9000015258789,5,null,124.9000015258789,6.082762718200684,1377337953000
52.22183107,6.89531632,107.9000015258789,3,null,115.30000305175781,6.082762718200684,1377337954000
52.2218283,6.89533091,107.0999984741211,3,null,114.30000305175781,6.046693325042725,1377337955000
52.22182541,6.89534132,106.4000015258789,4,null,114.30000305175781,6.046693325042725,1377337956000
52.22182631,6.89535723,106.0999984741211,4,null,99.5,6.046693325042725,1377337957000
52.22182928,6.89537873,105.80000305175781,4,null,84.5,6.082762718200684,1377337958000
52.22182754,6.89539843,106.80000305175781,3,null,89.69999694824219,6.082762718200684,1377337959000
52.22182312,6.89541883,106.9000015258789,4,null,101.80000305175781,6.082762718200684,1377337960000
52.2218208,6.89543976,105.69999694824219,4,null,100.69999694824219,6.082762718200684,1377337961000
52.22182285,6.8954554,103.4000015258789,4,null,80.4000015258789,6.046693325042725,1377337962000
52.22183241,6.89547326,100.0999984741211,5,null,41,6.082762718200684,1377337963000
52.22183864,6.89548207,97.0999984741211,6,null,41,6.082762718200684,1377337964000
52.22185975,6.89550129,96.4000015258789,5,null,20.200000762939453,6.1288251876831055,1377337965000
52.22186826,6.89551814,95,5,null,30.899999618530273,6.082762718200684,1377337966000
52.22187603,6.89552569,94.0999984741211,5,null,30.899999618530273,6.082762718200684,1377337967000
52.22187781,6.89555447,94.30000305175781,4,null,58.599998474121094,6.082762718200684,1377337968000
52.22188098,6.8955731,94.30000305175781,4,null,58,6.082762718200684,1377337969000
52.221883,6.89559419,93.80000305175781,4,null,64.0999984741211,6.082762718200684,1377337970000
52.22188729,6.89560857,93.19999694824219,5,null,64.0999984741211,6.082762718200684,1377337971000
52.2218323,6.8955116,null,50,null,null,null,1377338571871
52.22189071,6.89563388,92.80000305175781,4,null,55.29999923706055,6.082762718200684,1377337972000
52.2218959,6.89565165,91.4000015258789,4,null,50,6.082762718200684,1377337973000
52.2219022,6.89566389,89.5,5,null,50,6.082762718200684,1377337974000
52.22190524,6.89568268,91,5,null,50.29999923706055,6.082762718200684,1377337975000
52.22190505,6.89570344,93.30000305175781,5,null,60.900001525878906,6.082762718200684,1377337976000
52.22190306,6.8957244,91.5999984741211,4,null,77.80000305175781,6.082762718200684,1377337977000
52.22190487,6.89573796,90.0999984741211,5,null,77.80000305175781,6.082762718200684,1377337978000
52.22189186,6.89576516,91.5,4,null,95.9000015258789,6.082762718200684,1377337979000
52.22189082,6.89578146,92,4,null,95.9000015258789,6.082762718200684,1377337980000
52.2218838,6.8958051,91.9000015258789,4,null,99.69999694824219,6.1288251876831055,1377337981000
52.22187936,6.89582759,92.30000305175781,3,null,96.4000015258789,6.1288251876831055,1377337982000
52.22187407,6.89584972,94.30000305175781,3,null,92.9000015258789,6.1288251876831055,1377337983000
52.22187345,6.89586952,95.19999694824219,4,null,92.9000015258789,6.1288251876831055,1377337984000
52.22186736,6.89589349,96.0999984741211,4,null,97.0999984741211,6.184658527374268,1377337985000
52.22186334,6.8959157,95.19999694824219,3,null,95.80000305175781,6.184658527374268,1377337986000
52.22186204,6.89593649,94.9000015258789,4,null,95.80000305175781,6.184658527374268,1377337987000
52.22185926,6.89595636,94.80000305175781,4,null,91.0999984741211,6.1288251876831055,1377337988000
52.22185958,6.89597068,94.5999984741211,4,null,83,6.082762718200684,1377337989000
52.22185971,6.89598221,94.5,4,null,80.80000305175781,6.082762718200684,1377337990000
52.22185947,6.89598823,94.69999694824219,4,null,80.80000305175781,6.046693325042725,1377337991000
52.22185518,6.89599327,94.5,4,null,80.80000305175781,6.020797252655029,1377337992000
52.22185325,6.89599912,95.0999984741211,4,null,80.80000305175781,6.020797252655029,1377337993000
52.22185513,6.8960075,95,4,null,80.80000305175781,6.020797252655029,1377337994000
52.22186108,6.89602484,95.19999694824219,5,null,80.80000305175781,6.046693325042725,1377337995000
52.22186875,6.89603816,95.80000305175781,6,null,80.80000305175781,6.046693325042725,1377337996000
52.22186735,6.89603891,96.0999984741211,6,null,null,6,1377337997000
52.22186328,6.89604161,96.30000305175781,7,null,null,6,1377337998000
52.22186325,6.89604569,96.69999694824219,7,null,null,6,1377337999000
52.221859,6.89605554,97.69999694824219,7,null,null,6,1377338000000
52.22185795,6.89606905,97.5999984741211,6,null,80.80000305175781,6.046693325042725,1377338001000
52.22185506,6.89607942,98.0999984741211,6,null,80.80000305175781,6.020797252655029,1377338002000
52.22185143,6.89608734,98.80000305175781,6,null,80.80000305175781,6.020797252655029,1377338003000
52.22184616,6.89610323,99.69999694824219,5,null,80.80000305175781,6.020797252655029,1377338004000
52.22184605,6.89611623,96.69999694824219,4,null,80.80000305175781,6.020797252655029,1377338005000
52.22184787,6.89612867,95.5999984741211,4,null,80.80000305175781,6.020797252655029,1377338006000
52.22184754,6.89613791,100.5,3,null,80.80000305175781,6.005206108093262,1377338007000
52.22184426,6.89615158,102.80000305175781,4,null,80.80000305175781,6.005206108093262,1377338008000
52.221839,6.89617197,103.5,3,null,80.80000305175781,6.020797252655029,1377338009000
52.22183434,6.8962039,102.5,3,null,114.69999694824219,6.082762718200684,1377338010000
52.22182898,6.89624267,102.5999984741211,4,null,101.5999984741211,6.082762718200684,1377338011000
52.22182099,6.89630811,99.5999984741211,4,null,92,6.082762718200684,1377338012000
52.22181664,6.89634643,98.69999694824219,3,null,92,6.082762718200684,1377338013000
52.22181325,6.89638607,97.69999694824219,3,null,92.5999984741211,6.082762718200684,1377338014000
52.22181132,6.89641903,97.19999694824219,4,null,91.5,6.082762718200684,1377338015000
52.22181134,6.89645128,96.9000015258789,4,null,88.30000305175781,6.082762718200684,1377338016000
52.221773,6.8963557,null,46,null,null,null,1377338616900
52.22181736,6.89647495,97.5999984741211,3,null,64.9000015258789,6.046693325042725,1377338017000
52.22182456,6.89649245,97.4000015258789,3,null,38,6.046693325042725,1377338018000
52.22183444,6.89650677,97.5,3,null,23,6.046693325042725,1377338019000
52.22184165,6.896516,98.0999984741211,4,null,9.800000190734863,6.046693325042725,1377338020000
52.22183957,6.89653426,98.30000305175781,4,null,null,6,1377338021000
52.22183944,6.89654577,98.4000015258789,5,null,null,6,1377338022000
52.22183912,6.89655277,98.9000015258789,3,null,null,6,1377338023000
52.22183933,6.89655629,98.9000015258789,3,null,null,6,1377338024000
52.2218397,6.89655793,98.9000015258789,3,null,null,6,1377338025000
52.22184626,6.89655908,98.9000015258789,3,null,3.299999952316284,6.184658527374268,1377338026000
52.22185731,6.89656479,99.19999694824219,3,null,9.300000190734863,6.1288251876831055,1377338027000
52.22186688,6.89657168,99.30000305175781,3,null,8.699999809265137,6.082762718200684,1377338028000
52.22187573,6.89657388,98.9000015258789,4,null,8.699999809265137,6.082762718200684,1377338029000
52.22188397,6.89658816,100.4000015258789,3,null,11.699999809265137,6.1288251876831055,1377338030000
52.22189405,6.89659157,100.5999984741211,4,null,11.699999809265137,6.1288251876831055,1377338031000
52.22190078,6.89660871,101.4000015258789,3,null,12.199999809265137,6.1288251876831055,1377338032000
52.22191165,6.89661252,101.4000015258789,5,null,12.199999809265137,6.1288251876831055,1377338033000
52.22191954,6.89662614,100.69999694824219,3,null,8.199999809265137,6.1288251876831055,1377338034000
52.22193049,6.89663406,100.9000015258789,3,null,5.599999904632568,6.1288251876831055,1377338035000
52.22193959,6.89663844,101.5,4,null,1.5,6.082762718200684,1377338036000
52.22194963,6.89664025,100.80000305175781,4,null,354.1000061035156,6.082762718200684,1377338037000
52.22195518,6.89664173,101.4000015258789,3,null,354,6.046693325042725,1377338038000
52.22196228,6.89664051,101.9000015258789,4,null,354,6.046693325042725,1377338039000
52.22195244,6.89664808,101.4000015258789,4,null,null,6,1377338040000
52.22195043,6.89665057,101.69999694824219,4,null,null,6,1377338041000
52.22194987,6.89665364,101.80000305175781,3,null,null,6,1377338042000
52.22195376,6.8966433,101.5,3,null,300.29998779296875,6.184658527374268,1377338043000
52.22196055,6.89662435,100.5999984741211,4,null,300.29998779296875,6.184658527374268,1377338044000
52.2218925,6.8967578,null,28,null,null,null,1377338646264
52.22196065,6.89660821,98.0999984741211,3,null,279.1000061035156,6.046693325042725,1377338046172
52.22196217,6.89659967,97.69999694824219,4,null,287.1000061035156,6.082762718200684,1377338047000
52.2227069,6.8950702,null,978,null,null,null,1377338648423
52.2219625,6.89659215,98.19999694824219,4,null,287.1000061035156,6.046693325042725,1377338048000
52.22196201,6.89659971,98.80000305175781,4,null,null,6,1377338049000
52.22196307,6.89660489,99,4,null,null,6,1377338050000
52.22196345,6.89660675,99.19999694824219,4,null,null,6,1377338051000
52.22196119,6.89661029,99.4000015258789,3,null,null,6,1377338052000
52.22196018,6.89661454,99.5999984741211,3,null,null,6,1377338053000
52.22195939,6.89661661,99.80000305175781,3,null,null,6,1377338054000
52.22195868,6.89661762,99.80000305175781,4,null,null,6,1377338055000
52.22195865,6.89661839,99.5999984741211,4,null,null,6,1377338056000
52.22195964,6.89662097,99.80000305175781,3,null,null,6,1377338057000
52.2219562,6.89662211,98.9000015258789,3,null,null,6,1377338058000
52.22195482,6.8966222,99.0999984741211,3,null,null,6,1377338059000
52.22195406,6.89662198,99.19999694824219,3,null,null,6,1377338060000
52.22195386,6.89662213,99.30000305175781,3,null,null,6,1377338061000
52.22195377,6.89662219,99.30000305175781,3,null,null,6,1377338062000
52.22195435,6.89662221,99.30000305175781,4,null,null,6,1377338063000
52.22195512,6.89662234,99.19999694824219,4,null,null,6,1377338064000
52.2219564,6.89662304,99.4000015258789,3,null,null,6,1377338065000
52.22195704,6.89662342,99.4000015258789,4,null,null,6,1377338066000
52.22195704,6.89662342,99.4000015258789,6,null,null,6,1377338067000
52.22195761,6.89662375,99.5,4,null,null,6,1377338068000
52.22195753,6.89662399,99.4000015258789,3,null,null,6,1377338069000
52.22195005,6.89662717,99,3,null,165.6999969482422,6.1288251876831055,1377338070000
52.22194229,6.89662577,98.0999984741211,4,null,169.10000610351562,6.1288251876831055,1377338071000
52.22193284,6.89662494,98.19999694824219,3,null,170.39999389648438,6.046693325042725,1377338072000
52.22192522,6.89662704,97.69999694824219,5,null,170.39999389648438,6.046693325042725,1377338073000
52.22189847,6.89664569,105.30000305175781,4,null,160.5,6.324555397033691,1377338074000
52.22188175,6.89665532,107.69999694824219,5,null,160.5,6.324555397033691,1377338075000
52.22185559,6.89667285,108.4000015258789,5,null,158.89999389648438,6.408002853393555,1377338076000
52.22182772,6.89668387,108.80000305175781,5,null,160.1999969482422,6.600189208984375,1377338077000
52.22180447,6.89669748,109.69999694824219,8,null,160.1999969482422,6.600189208984375,1377338078000
52.22177496,6.89667723,107.5,5,null,174.8000030517578,6.5,1377338079000
52.22175637,6.89665226,105.5999984741211,4,null,187.8000030517578,6.25,1377338080000
52.22173998,6.89664859,105.5,5,null,187.8000030517578,6.25,1377338081000
52.22173026,6.89663771,105.30000305175781,4,null,189,6.184658527374268,1377338082000
52.2217207,6.89662702,104.5,3,null,191.10000610351562,6.1288251876831055,1377338083000
52.22171288,6.89661997,104,4,null,187.3000030517578,6.1288251876831055,1377338084000
52.22170464,6.89661577,104.19999694824219,4,null,187.8000030517578,6.082762718200684,1377338085000
52.22169982,6.89661043,103.5999984741211,4,null,188.6999969482422,6.082762718200684,1377338086000
52.22169548,6.89660476,103.5,3,null,188.8000030517578,6.046693325042725,1377338087000
52.2216904,6.89659654,102.69999694824219,3,null,191.6999969482422,6.046693325042725,1377338088000
52.2216874,6.89658552,102.5,3,null,200.1999969482422,6.046693325042725,1377338089000
52.22168552,6.89657253,102.19999694824219,3,null,200.1999969482422,6.046693325042725,1377338090000
52.2218839,6.8966725,null,29,null,null,null,1377338690959
52.22168508,6.89655827,102.0999984741211,4,null,200.1999969482422,6.020797252655029,1377338091000
52.22168601,6.89654311,101.69999694824219,4,null,200.1999969482422,6.020797252655029,1377338092000
52.22168657,6.89652644,101.0999984741211,4,null,200.1999969482422,6.046693325042725,1377338093000
52.22169176,6.89650989,98.9000015258789,4,null,200.1999969482422,6.046693325042725,1377338094000
52.22169131,6.89650087,98.0999984741211,5,null,200.1999969482422,6.046693325042725,1377338095000
52.22171267,6.89647262,98.69999694824219,3,null,283.70001220703125,6.082762718200684,1377338096000
52.2217272,6.89645384,98,3,null,297,6.1288251876831055,1377338097000
52.2217325,6.89643692,98.19999694824219,4,null,297,6.1288251876831055,1377338098000
52.22174711,6.89641498,96.30000305175781,4,null,293.6000061035156,6.184658527374268,1377338099000
52.22176958,6.89639527,96.0999984741211,4,null,311.6000061035156,6.25,1377338100000
52.22180224,6.89637367,95,3,null,323,6.324555397033691,1377338101000
52.2218191,6.89635242,94.19999694824219,3,null,322.6000061035156,6.324555397033691,1377338102000
52.2218288,6.89633634,94.4000015258789,3,null,311.20001220703125,6.184658527374268,1377338103000
52.22183417,6.89631918,94.9000015258789,3,null,289.70001220703125,6.1288251876831055,1377338104000
52.22183529,6.89630573,95.19999694824219,3,null,276.8999938964844,6.082762718200684,1377338105000
52.22183624,6.89629299,95.4000015258789,4,null,276.8999938964844,6.082762718200684,1377338106000
52.22183427,6.89628118,95.9000015258789,4,null,270.70001220703125,6.046693325042725,1377338107000
52.22183425,6.89626884,96,3,null,272.5,6.046693325042725,1377338108000
52.22183479,6.89625799,95.80000305175781,3,null,275.70001220703125,6.046693325042725,1377338109000
52.22183549,6.89624654,95.4000015258789,4,null,275.70001220703125,6.046693325042725,1377338110000
52.22183954,6.8962308,95.19999694824219,4,null,286.20001220703125,6.082762718200684,1377338111000
52.22184138,6.89621397,93.9000015258789,3,null,283.29998779296875,6.082762718200684,1377338112000
52.22184334,6.89620044,92.80000305175781,4,null,283.29998779296875,6.082762718200684,1377338113000
52.22184724,6.89618106,91.5,4,null,287.70001220703125,6.082762718200684,1377338114000
52.22185058,6.89615888,91.30000305175781,4,null,284.8999938964844,6.1288251876831055,1377338115000
52.2218532,6.89614258,90.0999984741211,3,null,289.20001220703125,6.082762718200684,1377338116000
52.22185575,6.89612709,89.5999984741211,4,null,295.70001220703125,6.082762718200684,1377338117000
52.22185671,6.89611517,88.0999984741211,3,null,295.70001220703125,6.046693325042725,1377338118000
52.22185615,6.89610595,87.30000305175781,4,null,295.70001220703125,6.020797252655029,1377338119000
52.22185754,6.89609981,86.4000015258789,5,null,295.70001220703125,6.020797252655029,1377338120000
52.22185516,6.89609537,84.80000305175781,4,null,295.70001220703125,6.005206108093262,1377338121000
52.22185635,6.89609142,83,5,null,295.70001220703125,6.020797252655029,1377338122000
52.22185827,6.89608005,82.19999694824219,4,null,295.70001220703125,6.020797252655029,1377338123000
52.22186096,6.89607179,82.9000015258789,5,null,295.70001220703125,6.020797252655029,1377338124000
52.22186017,6.89603246,83.0999984741211,5,null,275.29998779296875,6.1288251876831055,1377338125000
52.22185941,6.89600077,83.80000305175781,6,null,264.1000061035156,6.184658527374268,1377338126000
52.22185805,6.89597943,83.9000015258789,8,null,264.1000061035156,6.184658527374268,1377338127000
52.22185959,6.89595212,83.69999694824219,6,null,267.8999938964844,6.1288251876831055,1377338128000
52.22185699,6.89592646,83.19999694824219,6,null,258.29998779296875,6.1288251876831055,1377338129000
52.22185481,6.89590925,82.4000015258789,7,null,258.29998779296875,6.1288251876831055,1377338130000
52.22185374,6.89588836,80,6,null,256.79998779296875,6.082762718200684,1377338131000
52.2218501,6.89586939,81,5,null,246.60000610351562,6.082762718200684,1377338132000
52.22184647,6.89584993,80.4000015258789,5,null,239.8000030517578,6.082762718200684,1377338133000
52.22184217,6.89583082,80.80000305175781,5,null,248.60000610351562,6.046693325042725,1377338134000
52.22183951,6.89581979,81,6,null,248.60000610351562,6.046693325042725,1377338135000
52.2218378,6.8958341,null,50,null,null,null,1377338735961
52.22184078,6.89579257,81,4,null,266.29998779296875,6.082762718200684,1377338136000
52.22184153,6.89576979,82.0999984741211,4,null,268.79998779296875,6.082762718200684,1377338137000
52.22184134,6.89575474,81.9000015258789,5,null,268.79998779296875,6.082762718200684,1377338138000
52.22183954,6.89572207,81.4000015258789,4,null,263.70001220703125,6.1288251876831055,1377338139000
52.22183759,6.89569803,80.4000015258789,4,null,261.20001220703125,6.1288251876831055,1377338140000
52.22183583,6.89567961,79.69999694824219,5,null,261.20001220703125,6.1288251876831055,1377338141000
52.22183621,6.895656,80.9000015258789,4,null,265.70001220703125,6.1288251876831055,1377338142000
52.22183799,6.89563595,79.9000015258789,4,null,270.29998779296875,6.1288251876831055,1377338143000
52.22183923,6.89561737,80,3,null,267.29998779296875,6.082762718200684,1377338144000
52.22184137,6.89560005,80.19999694824219,4,null,270.29998779296875,6.082762718200684,1377338145000
52.22184141,6.89558609,79.69999694824219,5,null,270.29998779296875,6.082762718200684,1377338146000
52.2218401,6.89557301,80.80000305175781,4,null,257,6.046693325042725,1377338147000
52.22183877,6.89556147,82,5,null,248.39999389648438,6.046693325042725,1377338148000
52.22184199,6.8955476,81.30000305175781,4,null,248.39999389648438,6.046693325042725,1377338149000
52.22184727,6.89552428,80.9000015258789,5,null,248.39999389648438,6.046693325042725,1377338151000
52.22185419,6.89551581,80.5999984741211,4,null,248.39999389648438,6.046693325042725,1377338152000
52.22185925,6.89551505,77.80000305175781,3,null,248.39999389648438,6.020797252655029,1377338153000
52.22186344,6.89552037,77.4000015258789,4,null,248.39999389648438,6.005206108093262,1377338154000
52.22186421,6.89552383,77.19999694824219,4,null,248.39999389648438,6.005206108093262,1377338155000
52.22186396,6.89552272,77.19999694824219,3,null,248.39999389648438,6.005206108093262,1377338156000
52.22186516,6.89552576,77,4,null,248.39999389648438,6.005206108093262,1377338157000
52.22186535,6.89552448,77,5,null,248.39999389648438,6.005206108093262,1377338158000
52.22186647,6.89552641,76.80000305175781,7,null,248.39999389648438,6.005206108093262,1377338159000
52.2218562,6.89551576,77.80000305175781,4,null,null,6,1377338160000
52.2218562,6.89551576,77.80000305175781,7,null,null,6,1377338161000
52.22185386,6.89550814,78.0999984741211,6,null,null,6,1377338162000
52.22185313,6.89550528,78.30000305175781,4,null,null,6,1377338163000
52.22185303,6.89550513,78.19999694824219,3,null,null,6,1377338164000
52.22185315,6.89550427,78.30000305175781,3,null,null,6,1377338165000
