Latitude,Longitude,Altitude,Accuracy,Altitude Accuracy,Heading,Speed,Timestamp
52.21707973,6.90033294,131,13,null,186.3000030517578,1,1377336912142
52.21694243,6.90029296,134.39999389648438,11,null,187.8000030517578,1,1377336920016
52.21689375,6.90032165,134.89999389648438,10,null,null,0,1377336923773
52.2169241,6.90035309,131.8000030517578,9,null,null,0,1377336933358
52.21692599,6.90035221,131.39999389648438,8,null,null,0,1377336934357
52.21691771,6.9001915,124.69999694824219,6,null,null,0,1377336938412
52.2169084,6.90006226,122.69999694824219,6,null,null,0,1377336939708
52.21689453,6.90001725,121.69999694824219,6,null,null,0,1377336944305
52.21685672,6.90003839,114.19999694824219,6,null,149.10000610351562,0.75,1377336956732
