Latitude,Longitude,Altitude,Accuracy,Altitude Accuracy,Heading,Speed,Timestamp
52.22086782,6.89621639,92.19999694824219,6,null,99.5,1.1180340051651,1377336731559
52.22088763,6.8962855,92.30000305175781,7,null,92.80000305175781,1.346291184425354,1377336734551
52.22087229,6.89634129,89.30000305175781,7,null,null,0,1377336740573
52.22082683,6.89635396,89.9000015258789,5,null,157.1999969482422,1.25,1377336741636
52.22078632,6.89638171,90.80000305175781,5,null,158.1999969482422,1.25,1377336742606
52.22075705,6.89641116,91.9000015258789,6,null,154.39999389648438,1,1377336745692
52.22068198,6.89642651,93.5,6,null,177.10000610351562,1.25,1377336749568
52.22062323,6.89641298,94.5999984741211,6,null,186.8000030517578,1.25,1377336752561
52.22057524,6.89637732,97.19999694824219,8,null,189.8000030517578,1.25,1377336757560
