Latitude,Longitude,Altitude,Accuracy,Altitude Accuracy,Heading,Speed,Timestamp
52.21954872,6.90012778,93.30000305175781,18,null,270.3999938964844,2.25,1377341000987
52.21955096,6.90005079,93.4000015258789,17,null,270.1000061035156,2.25,1377341002985
52.21953852,6.9000144,93.4000015258789,14,null,268.70001220703125,2.3048861026763916,1377341003992
52.21955397,6.8998497,90.4000015258789,18,null,280.8999938964844,1.5811388492584229,1377341011992
52.21955038,6.89982282,90.30000305175781,17,null,277.20001220703125,1.5811388492584229,1377341012991
52.21955215,6.89978161,90.4000015258789,16,null,278.3999938964844,1.75,1377341014025
52.21955867,6.8997486,90.4000015258789,14,null,279.70001220703125,2,1377341014989
52.21956403,6.89970519,90.0999984741211,13,null,278.8999938964844,2.25,1377341016045
52.21956599,6.89965122,90.4000015258789,12,null,276.1000061035156,2.5,1377341017024
