Latitude,Longitude,Altitude,Accuracy,Altitude Accuracy,Heading,Speed,Timestamp
52.22027894094496,6.89559222490773,91.4716805326104,8,null,146.80491638183594,1.201021432876587,1377336706999
52.22022166316146,6.895637484510605,91.33063390353463,8,null,159.98416137695312,1.1148160696029663,1377336712999
52.22018762967168,6.8956736057624015,91.4578843134161,6,null,153.2589569091797,1.1683430671691895,1377336715999
52.22009567152532,6.89573946462992,92.00277971738916,16,null,140.32388305664062,1.2054345607757568,1377336725999
52.220041339369985,6.895817505673574,92.51081555271867,12,null,141.6714630126953,1.3110637664794922,1377336730999
52.21998910133462,6.8958830124261885,92.75180072523828,12,null,156.1690216064453,0,1377336735999
52.21990589324225,6.895928550024839,93.52435041998729,12,null,168.54823303222656,1.2051701545715332,1377336748999
52.219811701799514,6.89599308865458,93.34679274894886,12,null,154.63458251953125,1.338455319404602,1377336755999
52.2198004261928,6.89602439428403,93.29716596155879,8,null,129.46951293945312,1.2337613105773926,1377336758999
