Latitude,Longitude,Altitude,Accuracy,Altitude Accuracy,Heading,Speed,Timestamp
52.21955662863416,6.89602575307117,94.55574447495268,12,null,197.56163024902344,1.1168100833892822,1377336896999
52.219451376001096,6.896076826719113,93.69209397819506,12,null,136.37132263183594,0.9187692999839783,1377336909999
52.21945136346673,6.896076852518786,93.67012057063869,8,null,136.37132263183594,0,1377336910999
52.21938935403877,6.896103466505231,94.09944369880039,8,null,190.90443420410156,1.0575166940689087,1377336915999
52.21932059428892,6.896121650126074,94.77496219686255,8,null,178.4024658203125,0,1377336920999
52.21932051940172,6.896121677361784,94.7896805954135,6,null,178.4024658203125,0,1377336921999
52.21928156423605,6.896138765298759,95.00422954895232,6,null,167.97520446777344,0.8566774129867554,1377336930999
52.219226695037634,6.896176848051673,95.34470190317087,8,null,158.1704559326172,0.9352694153785706,1377336934999
52.21914812530109,6.896216743266576,95.20626833319284,12,null,150.85450744628906,0.9376711249351501,1377336941999
