Latitude,Longitude,Altitude,Accuracy,Altitude Accuracy,Heading,Speed,Timestamp
52.21672233055639,6.90013257379714,95.35799428076936,12,null,289.03302001953125,1.2747278213500977,1377338273000
52.21672580940361,6.900071769107166,95.25693304780104,8,null,269.8232421875,1.1769757270812988,1377338276000
52.21675276898974,6.899986160125098,95.78252442189063,8,null,291.7113037109375,0,1377338281000
52.21677688936307,6.899913793214201,96.08295901027257,8,null,290.0045471191406,1.0067862272262573,1377338285000
52.21680523464498,6.899822685509925,96.26859464855393,12,null,339.20098876953125,1.090851902961731,1377338289000
52.21681589316721,6.899805585361563,97.07045634323485,8,null,136.91676330566406,1.3225654363632202,1377338298000
52.21686932435902,6.899731539676292,97.93936986280812,12,null,266.1595764160156,1.1045669317245483,1377338312000
52.216861823783674,6.899577822030777,98.62473082754808,8,null,259.53399658203125,1.0406033992767334,1377338320000
52.216888499826794,6.899476009605711,98.43243023873147,12,null,272.15521240234375,0,1377338326000
