Latitude,Longitude,Altitude,Accuracy,Altitude Accuracy,Heading,Speed,Timestamp
52.222229704753005,6.899255906061152,504.6734349518884,32,null,255.58985900878906,0,1377338603000
52.22222965027169,6.899255651845289,504.76787762202497,32,null,255.58985900878906,0,1377338604000
52.22220733093752,6.899249637785456,505.809419691447,32,null,183.26658630371094,1.6583800315856934,1377338605000
52.22220728231083,6.899249550037456,506.862521559537,24,null,183.26658630371094,0,1377338606000
52.22220728155254,6.899249548848915,507.9340798423199,48,null,183.26658630371094,0,1377338607000
52.22219005037332,6.8992474251005005,509.1057629927057,48,null,165.63092041015625,1.131324291229248,1377338608000
52.22217749769706,6.899241200312777,509.21657842621124,32,null,165.63092041015625,0,1377338609000
52.22215655658377,6.899203483856304,510.2678411269325,32,null,213.78506469726562,1.1982495784759521,1377338610000
52.222131374980314,6.899130678952076,511.3001534405582,32,null,242.70248413085938,1.713685393333435,1377338611000
52.22211135504194,6.89905862740438,512.2524761954687,32,null,257.5448913574219,1.2639130353927612,1377338612000
52.222111092807346,6.899057874003853,513.5506221824662,48,null,257.5448913574219,0,1377338613000
52.222121097803125,6.898982593972422,515.5953821612388,48,null,295.893798828125,0.9649031162261963,1377338614000
52.2221171172496,6.898883553827314,518.076052302456,48,null,260.5162658691406,0.9355577826499939,1377338615000
52.22209577281374,6.898776377832008,520.2076829412464,48,null,260.5162658691406,0,1377338616000
52.22208524567995,6.89864616447172,522.4551124499493,32,null,292.1099548339844,0.9800131916999817,1377338617000
52.22207394947606,6.898527724461622,524.3807766847639,48,null,278.2637023925781,1.0181822776794434,1377338618000
52.22207070297583,6.898422129284211,526.2544825576333,48,null,296.2382507324219,1.0836318731307983,1377338619000
52.22208021654031,6.89828219232149,528.0543836655631,48,null,323.5549621582031,1.2489124536514282,1377338620000
52.222114565419375,6.898058563535213,529.7916500436969,48,null,311.8929138183594,1.397665023803711,1377338621000
52.2199017,6.8960806,null,883,null,null,null,1377338568112
52.2221074472739,6.897978491949602,531.5143056235947,48,null,302.62554931640625,1.4487093687057495,1377338622000
52.22210635858565,6.897920598357369,533.2487278694357,32,null,293.1431579589844,1.430525302886963,1377338623000
52.22211454164607,6.897872500838841,535.0768631247902,48,null,287.7326965332031,1.4385170936584473,1377338624000
52.222123907778176,6.89781477515798,536.8112138700753,48,null,282.5290222167969,1.4376248121261597,1377338625000
52.22212719183439,6.897757475376547,538.4443018594418,48,null,285.0273132324219,0,1377338626000
52.222143148510995,6.89771681576738,540.1631966677212,48,null,306.4839782714844,1.4613569974899292,1377338627000
52.22216262764493,6.897669461873216,541.9457813694527,32,null,309.05645751953125,1.523469090461731,1377338628000
52.22219525421886,6.897579689891644,543.8388882600361,48,null,303.6788635253906,1.5793700218200684,1377338629000
52.22222466926086,6.897509409411409,545.822103000958,24,null,315.9676208496094,1.6418509483337402,1377338630000
52.22225903632018,6.897436322056799,547.7689134370813,24,null,310.4343566894531,1.6980838775634766,1377338631000
52.222258024064786,6.897417137147742,549.6268582934873,32,null,262.19866943359375,1.6274285316467285,1377338632000
52.222268106251676,6.897381988639131,551.4172177441344,32,null,299.8848571777344,1.682067632675171,1377338633000
52.22226958151509,6.897357275409822,553.1252298255632,48,null,277.67156982421875,1.6249089241027832,1377338634000
52.22227688143078,6.897334158419746,554.9152002942426,48,null,305.1078186035156,1.5902539491653442,1377338635000
52.222280882158806,6.897322703934329,556.6294505613807,48,null,305.1078186035156,0,1377338636000
52.222285141045056,6.897310234544099,558.3527475721078,48,null,305.1078186035156,0,1377338637000
52.22228303271021,6.897282316259388,560.0036600202208,32,null,257.0579528808594,1.3969981670379639,1377338638000
52.222296099964254,6.897248375746737,561.6842361530722,16,null,317.5211486816406,1.44247567653656,1377338639000
52.22230435647869,6.897193312552951,563.4459553626147,32,null,301.615966796875,0,1377338640000
52.2223043959568,6.897144650031099,565.2683941107307,32,null,289.6877746582031,1.4356858730316162,1377338641000
52.2199017,6.8960806,null,883,null,null,null,1377338588124
52.22229863483772,6.897095094010575,567.1162147272049,32,null,296.5810852050781,0,1377338642000
52.22231626860119,6.897048143903949,568.9838765399077,32,null,321.50091552734375,1.5122051239013672,1377338643000
52.222331920575456,6.897008336584975,570.7509900327918,32,null,310.8265380859375,1.5644574165344238,1377338644000
52.22232366156519,6.896982180255504,572.5689892149246,32,null,203.7889404296875,1.61821711063385,1377338645000
52.222326900365864,6.8969598507324,574.4362735167074,32,null,210.54766845703125,1.6015948057174683,1377338646000
52.22233874672301,6.896933325089542,576.3953337264036,48,null,230.31964111328125,0,1377338647000
52.222365176963145,6.896896659553858,578.2377214753978,48,null,300.6536865234375,1.6221238374710083,1377338648000
52.22239671675087,6.896869105734022,580.2336395317298,48,null,309.0498046875,1.6530115604400635,1377338649000
52.22239691073689,6.8968690224192235,582.2466458002714,24,null,309.0498046875,0,1377338650000
52.2223969124552,6.8968690213086035,584.1634445269732,48,null,309.0498046875,0,1377338651000
52.22240264164547,6.896851373310659,586.0073959870624,48,null,292.2154541015625,0.9992971420288086,1377338652000
52.22241814338815,6.896825592838014,587.866118958146,48,null,315.07952880859375,1.7058686017990112,1377338653000
52.222441489501485,6.896798151483256,589.678826081499,48,null,329.8063659667969,2.0820069313049316,1377338654000
52.22245742977128,6.896772991386067,591.5428474664657,32,null,340.0188293457031,1.4868712425231934,1377338655000
52.22246361872718,6.896758148635703,593.3817681177034,48,null,340.0188293457031,0,1377338656000
52.22248293653887,6.89672994316492,595.2542711859004,48,null,322.1588134765625,1.525032877922058,1377338657000
52.22249619661644,6.896721186921503,597.0354310458547,48,null,343.123291015625,1.4176989793777466,1377338658000
52.22249620078108,6.896721188562378,598.4754182006242,48,null,343.123291015625,0,1377338659000
52.22249620089491,6.896721188389151,599.9566945919197,32,null,343.123291015625,0,1377338660000
52.222496200896416,6.896721188388395,601.6536444604459,32,null,343.123291015625,0,1377338661000
52.2199017,6.8960806,null,883,null,null,null,1377338608149
52.22248872147718,6.896716807348368,603.265296232892,32,null,199.4639434814453,0.9871041774749756,1377338662000
