Latitude,Longitude,Altitude,Accuracy,Altitude Accuracy,Heading,Speed,Timestamp
52.2189487990484,6.8986519270801345,92.52778548552709,8,null,35.27598571777344,0.8030210733413696,1377340423000
52.21901951530399,6.8986662114130715,92.07374240991041,8,null,359.9120178222656,0.8963741064071655,1377340430000
52.21907859138686,6.898688950500103,91.83092569702231,8,null,10.316436767578125,0.934638261795044,1377340437000
52.219138586466684,6.89872704650269,91.15563129926575,8,null,347.3954772949219,1.025113582611084,1377340444000
52.219208227368924,6.8987241532861585,90.52991710555233,8,null,341.4321594238281,1.0858681201934814,1377340451000
52.21923614511374,6.898737774120204,90.4477403773558,6,null,1.7626571655273438,1.0538140535354614,1377340455000
52.21926890934785,6.898769349992483,90.6677883139201,6,null,354.9475402832031,0.9648159146308899,1377340461000
52.21934455862286,6.898775030801214,90.8352136072565,8,null,3.532951593399048,0.9415286779403687,1377340470000
52.21940835101514,6.8987525222592385,90.85717946299569,6,null,351.1365051269531,0.9596532583236694,1377340477000
