Latitude,Longitude,Altitude,Accuracy,Altitude Accuracy,Heading,Speed,Timestamp
52.217308044433594,6.900014877319336,118,3.6400551795959473,null,188.6846923828125,0,1377340225000
52.217308044433594,6.900014877319336,118,3.560898780822754,null,188.6846923828125,0,1377340227000
52.217308044433594,6.900014877319336,118,3.4205265045166016,null,188.6846923828125,0,1377340233000
52.217308044433594,6.900014877319336,118,3.3421552181243896,null,188.6846923828125,0,1377340236000
52.217308044433594,6.900014877319336,118,3.2015621662139893,null,188.6846923828125,0,1377340237000
52.217308044433594,6.900014877319336,118,3.140063524246216,null,188.6846923828125,0,1377340239000
52.217308044433594,6.900014877319336,118,3.0610456466674805,null,188.6846923828125,0,1377340240000
52.217308044433594,6.900014877319336,118,3,null,188.6846923828125,0,1377340249000
52.2172966003418,6.899993419647217,118,2.920616388320923,null,188.6846923828125,0,1377340253000
