Latitude,Longitude,Altitude,Accuracy,Altitude Accuracy,Heading,Speed,Timestamp
52.219261169433594,6.896517276763916,101,2.860069990158081,null,0,0,1377339491000
52.219261169433594,6.896517276763916,101,2.7018513679504395,null,0,0,1377339492000
52.219261169433594,6.896517276763916,101,2.5612497329711914,null,0,0,1377339493000
52.219261169433594,6.896517276763916,101,2.4839484691619873,null,0,0,1377339496000
52.219261169433594,6.896538734436035,101,2.4839484691619873,null,332.2210693359375,0.4505935311317444,1377339501000
52.219261169433594,6.896538734436035,101,2.420743703842163,null,0,0,1377339503000
52.219261169433594,6.896538734436035,101,2.3600847721099854,null,0,0,1377339505000
52.21927261352539,6.896517276763916,101,2.555386543273926,null,65.863037109375,0,1377339519000
52.21927261352539,6.896517276763916,101,2.418677568435669,null,0,0,1377339520000
