Latitude,Longitude,Altitude,Accuracy,Altitude Accuracy,Heading,Speed,Timestamp
52.22126770019531,6.895229816436768,93,14.173566818237305,null,182.8289794921875,0.5495367050170898,1377341245000
52.22126770019531,6.895229816436768,93,12.01041316986084,null,0,0,1377341246000
52.22126770019531,6.895229816436768,93,11.09414291381836,null,0,0.442511647939682,1377341247000
52.22124481201172,6.895251274108887,95,10.012492179870605,null,225.28564453125,0.5610674023628235,1377341248000
52.22124481201172,6.895229816436768,95,9.097251892089844,null,203.09326171875,0.5610674023628235,1377341249000
52.22124481201172,6.895229816436768,95,8.459905624389648,null,0,0.3204394578933716,1377341250000
52.22124481201172,6.895229816436768,95,7.8771820068359375,null,286.3531494140625,0.5072333812713623,1377341251000
52.22124481201172,6.895229816436768,97,7.462573528289795,null,230.3118896484375,0.8460161089897156,1377341252000
52.22124481201172,6.895208358764648,97,7.186793327331543,null,214.0740966796875,0.8464288115501404,1377341253000
52.221256256103516,6.895186901092529,99,6.964194297790527,null,214.60693359375,0.8464288115501404,1377341254000
52.22126770019531,6.895186901092529,97,6.826419830322266,null,243.094482421875,0.668790876865387,1377341255000
52.221492767333984,6.895229816436768,98,8.70919132232666,null,212.1734619140625,0.8637199401855469,1377341256000
52.2215576171875,6.895122528076172,99,6.264982223510742,null,239.7271728515625,1.0599254369735718,1377341257000
52.22152328491211,6.895122528076172,98,5.503635406494141,null,215.04638671875,1.053867220878601,1377341258000
52.22148132324219,6.895079612731934,95,5.015974521636963,null,187.8607177734375,1.2150819301605225,1377341259000
52.22145080566406,6.895101070404053,98,4.365776062011719,null,204.180908203125,0.969878613948822,1377341260000
52.22141647338867,6.895101070404053,100,3.6400551795959473,null,347.1734619140625,0.6256198883056641,1377341261000
52.22141647338867,6.895101070404053,100,3.3615474700927734,null,0,0.3356984853744507,1377341262000
52.221439361572266,6.895101070404053,99,3.2695565223693848,null,354.6441650390625,0.9808595776557922,1377341263000
52.22148132324219,6.895079612731934,97,3.5341196060180664,null,1.4886474609375,1.0987555980682373,1377341265000
52.221492767333984,6.895079612731934,96,3.4438352584838867,null,1.9610595703125,1.6028510332107544,1377341266000
52.22151565551758,6.895101070404053,95,3.310589075088501,null,352.3150634765625,1.676896333694458,1377341267000
52.2215461730957,6.895101070404053,94,3.401470422744751,null,350.7769775390625,1.746008276939392,1377341268000
52.221588134765625,6.895101070404053,93,3.2695565223693848,null,359.208984375,1.7395955324172974,1377341269000
52.221622467041016,6.895101070404053,91,3.046309232711792,null,355.5120849609375,1.9438939094543457,1377341270000
52.22165298461914,6.895101070404053,91,2.9546573162078857,null,5.888671875,1.6868640184402466,1377341271000
52.221675872802734,6.895101070404053,91,2.9546573162078857,null,8.7066650390625,2.037179470062256,1377341272000
52.22169494628906,6.895122528076172,91,2.8635642528533936,null,1.1920166015625,2.0907087326049805,1377341273000
52.22172927856445,6.895122528076172,91,2.773084878921509,null,359.8736572265625,2.166781187057495,1377341274000
52.22175979614258,6.895122528076172,93,2.683281660079956,null,353.946533203125,2.4703598022460938,1377341275000
52.22179412841797,6.895122528076172,92,2.817800521850586,null,355.8306884765625,2.661376476287842,1377341276000
52.22183609008789,6.895143985748291,92,3.041381359100342,null,1.966552734375,2.9311623573303223,1377341277000
52.221866607666016,6.895122528076172,91,2.9529645442962646,null,343.927001953125,1.9513658285140991,1377341278000
52.221900939941406,6.895122528076172,92,2.865309715270996,null,344.7564697265625,0.9180809855461121,1377341279000
52.2219123840332,6.895122528076172,93,2.729468822479248,null,33.2391357421875,0.6518657207489014,1377341280000
52.22187805175781,6.895101070404053,93,3.9357337951660156,null,12.1234130859375,1.1552602052688599,1377341282000
52.22188949584961,6.895079612731934,94,3.847076892852783,null,8.7451171875,1.1566699743270874,1377341283000
52.221900939941406,6.895101070404053,95,3.535534143447876,null,24.76318359375,1.2085492610931396,1377341284000
52.221920013427734,6.895101070404053,97,3.4885528087615967,null,15.303955078125,1.8321632146835327,1377341285000
52.22193145751953,6.895101070404053,97,3.4000000953674316,null,8.470458984375,1.9745551347732544,1377341286000
52.22196578979492,6.895122528076172,97,3.2202484607696533,null,356.0504150390625,1.8351471424102783,1377341287000
52.22199630737305,6.895143985748291,96,3.0870697498321533,null,359.8077392578125,2.273594379425049,1377341289000
52.22201919555664,6.895143985748291,95,2.9966650009155273,null,4.2681884765625,2.2797818183898926,1377341290000
52.222049713134766,6.89516544342041,94,2.9529645442962646,null,17.5286865234375,2.2875306606292725,1377341291000
52.22209167480469,6.895186901092529,94,3.088689088821411,null,40.374755859375,1.4498480558395386,1377341293000
52.22212600708008,6.895229816436768,94,3.6715121269226074,null,33.2061767578125,1.7988179922103882,1377341294000
52.222145080566406,6.895251274108887,93,3.5846896171569824,null,1.768798828125,1.4808326959609985,1377341295000
52.222190856933594,6.895272731781006,92,3.7215588092803955,null,16.622314453125,1.496629238128662,1377341297000
52.222232818603516,6.895272731781006,90,3.8587563037872314,null,19.017333984375,1.7902545928955078,1377341298000
52.22226333618164,6.895294189453125,91,3.8587563037872314,null,20.643310546875,2.6074626445770264,1377341299000
52.22231674194336,6.895337104797363,93,3.996248483657837,null,0.4888916015625,2.578819751739502,1377341300000
52.22235107421875,6.895337104797363,93,3.4985711574554443,null,64.742431640625,1.850121021270752,1377341301000
52.222381591796875,6.895358562469482,94,3.224903106689453,null,67.7911376953125,1.5471173524856567,1377341302000
52.22239303588867,6.895380020141602,95,3.041381359100342,null,113.170166015625,1.4766602516174316,1377341303000
52.22240447998047,6.89542293548584,92,3.176476001739502,null,127.3699951171875,1.4709728956222534,1377341305000
52.22239303588867,6.895444393157959,91,3.264965772628784,null,114.6368408203125,1.1264837980270386,1377341306000
52.222381591796875,6.8955302238464355,86,4.118252277374268,null,82.254638671875,1.478236198425293,1377341308000
52.222415924072266,6.895616054534912,83,3.720215082168579,null,70.6475830078125,2.0220937728881836,1377341309000
52.22242736816406,6.89565896987915,81,3.720215082168579,null,45.3900146484375,1.8775418996810913,1377341310000
52.222434997558594,6.8956804275512695,80,3.6400551795959473,null,65.775146484375,1.6190389394760132,1377341311000
52.2225227355957,6.89565896987915,79,6.74166202545166,null,355.693359375,2.172147512435913,1377341315000
52.22258758544922,6.8956804275512695,84,7.240165710449219,null,9.1845703125,2.920060157775879,1377341317000
52.222652435302734,6.89565896987915,87,7.072482109069824,null,10.7171630859375,2.8729946613311768,1377341318000
52.22268295288086,6.8956804275512695,91,6.573431491851807,null,18.47900390625,2.364410161972046,1377341319000
52.22270584106445,6.8956804275512695,91,6.212890148162842,null,20.0006103515625,2.8576364517211914,1377341320000
52.22273635864258,6.895701885223389,92,5.907622337341309,null,15.44677734375,2.8800368309020996,1377341321000
52.222801208496094,6.8956804275512695,91,6.12943696975708,null,358.582763671875,2.930367946624756,1377341323000
52.222877502441406,6.89565896987915,90,5.464430332183838,null,338.13720703125,3.272731065750122,1377341325000
52.22291946411133,6.895616054534912,89,5.1039204597473145,null,342.3834228515625,3.2815768718719482,1377341326000
52.22296142578125,6.895594596862793,87,4.2190046310424805,null,327.32666015625,2.196716070175171,1377341327000
52.22301483154297,6.895551681518555,87,3.5777089595794678,null,337.6263427734375,2.312333583831787,1377341328000
52.22304916381836,6.895551681518555,87,3.310589075088501,null,342.4822998046875,2.591564178466797,1377341329000
52.22306823730469,6.895551681518555,85,3.1780500411987305,null,343.8665771484375,2.603217601776123,1377341330000
52.22310256958008,6.895551681518555,84,3.046309232711792,null,342.2845458984375,2.4996867179870605,1377341331000
52.2231330871582,6.895551681518555,85,3.046309232711792,null,355.5230712890625,2.601607322692871,1377341332000
52.22318649291992,6.895508766174316,85,2.683281660079956,null,346.5911865234375,3.0126426219940186,1377341334000
52.22322082519531,6.895508766174316,86,2.6419689655303955,null,353.9849853515625,3.006298303604126,1377341335000
52.223262786865234,6.895508766174316,86,2.662705421447754,null,342.9547119140625,3.798638343811035,1377341336000
52.22329330444336,6.895487308502197,83,2.9410884380340576,null,339.0216064453125,3.250458002090454,1377341337000
