Latitude,Longitude,Altitude,Accuracy,Altitude Accuracy,Heading,Speed,Timestamp
52.22101993393153,6.895262841135263,32.700000000000045,10,null,74.08999633789062,1.4375,1377336479000
52.220968594774604,6.8951718136668205,37.89999999999998,15,null,189.67999267578125,0.5625,1377336490000
52.22092676907778,6.895066536962986,39.5,15,null,229.91000366210938,0.875,1377336498000
52.22091742325574,6.895053628832102,39.700000000000045,10,null,228.3699951171875,0.625,1377336499000
52.22090283874422,6.894844248890877,39.89999999999998,10,null,228.27000427246094,0.8125,1377336500000
52.22089387010783,6.894743666052818,39.799999999999955,10,null,230.1699981689453,0.75,1377336502000
52.22090011462569,6.894935946911573,62.799999999999955,10,null,239.1699981689453,0.125,1377336512000
52.220908789895475,6.895037284120917,80.29999999999995,10,null,10.699999809265137,1.125,1377336520000
52.220931043848395,6.895117582753301,84.89999999999998,10,null,55.529998779296875,0.875,1377336525000
