Latitude,Longitude,Altitude,Accuracy,Altitude Accuracy,Heading,Speed,Timestamp
52.231226170369204,6.89488786370848,85.71021068592717,8,null,144.6313018798828,4.365394592285156,1377337560999
52.231194950420715,6.894986277761085,85.70154100438529,12,null,118.10008239746094,4.216610908508301,1377337562999
52.23116927402766,6.895103408962748,85.73893258656693,12,null,109.1052017211914,4.137549877166748,1377337564999
52.23114548354383,6.895234923913918,85.81488321369049,12,null,106.08200073242188,4.1157355308532715,1377337566999
52.231121470843995,6.895384603453461,86.30134157030695,12,null,112.83199310302734,4.128530502319336,1377337568999
52.23110420843887,6.89546471207122,86.45554655124404,8,null,112.07461547851562,4.139248847961426,1377337569999
52.23108491435255,6.895543324634574,86.30855954281216,8,null,113.60193634033203,4.175485134124756,1377337570999
52.231065346783765,6.8956245534623415,86.1668303495256,8,null,111.41526794433594,4.213759422302246,1377337571999
52.23104501482151,6.895698784048438,85.66529085957472,8,null,110.12166595458984,4.2398810386657715,1377337572999
52.231011647691986,6.895829096715632,85.38832351628733,8,null,113.23377990722656,4.27059268951416,1377337574999
52.23099329557148,6.895892729856412,85.44446993574743,8,null,113.98680877685547,4.329774379730225,1377337575999
52.230977784946475,6.8959538344941835,85.64401957027619,8,null,111.36388397216797,4.3744306564331055,1377337576999
52.23096382490993,6.896019900078052,85.7449483065685,8,null,110.05640411376953,4.393608570098877,1377337577999
52.230948067015184,6.896079675029401,85.94748189582168,8,null,115.3595199584961,4.448607444763184,1377337578999
52.23093321332635,6.896138062532862,85.93248746956218,8,null,114.27204895019531,4.503551006317139,1377337579999
52.2309181024826,6.8961969057292825,85.75782149355479,8,null,112.40938568115234,4.52057409286499,1377337580999
52.23090153956961,6.896265071572979,85.62757496762086,8,null,110.70214080810547,4.545550346374512,1377337581999
52.23088753168919,6.896330952505251,85.44095858438124,8,null,110.90415954589844,4.539961814880371,1377337582999
52.230871756168725,6.896394771507122,85.44480594044606,8,null,114.69261932373047,4.575048923492432,1377337583999
52.23085783074591,6.896463175528699,85.34150940449624,8,null,111.11286926269531,4.605975151062012,1377337584999
52.23084218921847,6.89653708350676,85.21383061531094,8,null,111.07227325439453,4.642259120941162,1377337585999
52.230826161078326,6.896610210781181,85.15788732850292,8,null,111.490478515625,4.674522876739502,1377337586999
52.23080912017111,6.896677978102074,85.2580957993477,8,null,113.2525863647461,4.68119478225708,1377337587999
52.23078764418268,6.8967533736502755,85.38472364829357,8,null,114.93511962890625,4.810784816741943,1377337588999
52.230771156351906,6.896821032876819,85.4518201135385,8,null,111.20516204833984,4.793095111846924,1377337589999
52.23075238875384,6.8968875746837055,85.45862561734151,8,null,114.41703796386719,4.792351245880127,1377337590999
52.23073070043065,6.896958540433704,85.30923688963696,8,null,116.84520721435547,4.788119792938232,1377337591999
52.23070963169936,6.897031528046468,85.07238916399709,8,null,113.31766510009766,4.759283542633057,1377337592999
52.23068822239677,6.897097979186136,84.60966880801797,8,null,113.1067886352539,4.741310119628906,1377337593999
52.23066802983102,6.89716600530554,84.12085844939743,8,null,113.52963256835938,4.74029016494751,1377337594999
52.2306510236398,6.897231484116735,83.45707616808245,8,null,110.89605712890625,4.716519355773926,1377337595999
52.23063427802201,6.897298734912328,82.78846613942915,8,null,111.95683288574219,4.702608108520508,1377337596999
52.230618881097165,6.8973586485062635,82.61620730327516,6,null,112.3099594116211,4.670726299285889,1377337597999
52.2306055533377,6.8974171843036,82.67302976117433,6,null,110.19194030761719,4.634580612182617,1377337598999
52.23059016967642,6.89748214545415,82.2069382917833,6,null,110.54759216308594,4.602031707763672,1377337599999
52.23057458772496,6.8975440632356335,81.81751836111539,6,null,110.9654769897461,4.567917823791504,1377337600999
52.23056096885789,6.897592540731989,81.7828455665561,6,null,112.13285827636719,4.545849800109863,1377337601999
52.23054760585953,6.897644034740378,81.75868225344625,6,null,109.57350158691406,4.505274772644043,1377337602999
52.23053553414477,6.897690292956883,81.77505147413345,6,null,109.75457763671875,4.468217372894287,1377337603999
52.23051977967962,6.897749602521575,81.77831464966367,6,null,109.51356506347656,4.42783784866333,1377337604999
52.23050133653716,6.897800716705795,81.82421588863265,6,null,115.09467315673828,4.347645282745361,1377337605999
52.230480716590264,6.897840658004278,81.82099597178757,6,null,127.08930206298828,4.234786033630371,1377337606999
52.23041121694228,6.897846950512278,81.83551506606867,8,null,181.4826202392578,4.080437660217285,1377337608999
52.23033443736076,6.8978195470549775,81.93790374585993,8,null,194.38865661621094,4.049009799957275,1377337610999
52.230258349546915,6.897785873310432,82.6780759930415,8,null,190.68861389160156,4.063093662261963,1377337612999
52.23017217349482,6.897750548481784,83.95548798860102,8,null,191.3722686767578,4.118781566619873,1377337614999
52.23008318080591,6.897703130696354,84.63477030148655,8,null,196.5253448486328,4.2504167556762695,1377337616999
52.2299892557307,6.89765068658733,84.02743501908803,8,null,198.6112518310547,4.418399333953857,1377337618999
52.2299044392873,6.897598262494208,83.75799543671306,8,null,196.44781494140625,4.489504814147949,1377337620999
52.229832373006516,6.897544648944184,83.87883245930084,8,null,198.734130859375,4.39803409576416,1377337622999
52.229785375480354,6.8975189180817855,83.83913526888853,8,null,193.37417602539062,4.448657512664795,1377337623999
52.22973724040236,6.8974864726527505,83.49143822817163,8,null,195.30372619628906,4.4506754875183105,1377337624999
52.22968645242196,6.897458196893765,82.94761216527537,8,null,192.70462036132812,4.493731498718262,1377337625999
52.229598765629994,6.897412993290468,82.49887346385177,8,null,195.3627471923828,4.605014324188232,1377337627999
52.22951128324518,6.8973704646497165,81.42178126456722,8,null,194.8890380859375,4.684481143951416,1377337629999
52.2294269233523,6.897328682424928,81.07914254436118,8,null,196.54214477539062,4.6347198486328125,1377337631999
52.229335429275835,6.8972881672082496,81.008525837721,8,null,193.69125366210938,4.641103744506836,1377337633999
52.229246047580844,6.897258952023975,81.80961114587969,8,null,196.7882537841797,4.64378023147583,1377337635999
52.22915112493887,6.897231606185421,83.47860224880606,8,null,194.5247344970703,4.699552059173584,1377337637999
52.22905800773811,6.89718915119416,83.59450675130515,8,null,198.21473693847656,4.749042510986328,1377337639999
52.22895966414508,6.897146307045816,83.99398313615453,8,null,194.9833221435547,4.798584461212158,1377337641999
52.228908039580745,6.8971251291934745,84.28278052029566,8,null,196.21177673339844,4.855073928833008,1377337642999
52.228811100771495,6.897083235939317,84.55613794312407,8,null,197.06546020507812,4.925108432769775,1377337644999
52.22875949180594,6.8970579732128705,84.96874521863217,8,null,199.03184509277344,4.996795177459717,1377337645999
52.22867231106398,6.897012881347566,85.39117695455539,12,null,198.2860565185547,5.014560699462891,1377337647999
52.228590543645915,6.896977733534093,85.48171052907274,12,null,198.7111358642578,4.940262794494629,1377337649999
52.22850697493722,6.896939569004091,85.90059750288579,8,null,195.63563537597656,4.965274810791016,1377337651999
52.22841464022138,6.8968940416978874,85.16795284059232,8,null,196.7078857421875,5.01912260055542,1377337653999
52.22832447144008,6.896847495708258,84.50700836956212,12,null,197.81564331054688,5.066283226013184,1377337655999
52.22822267403209,6.896783566287708,82.91229313477625,12,null,200.44496154785156,5.131078720092773,1377337657999
52.22813799111541,6.896731682162878,81.79234147470864,8,null,193.01344299316406,5.119090557098389,1377337659999
52.22804951358663,6.896682108302312,82.15415587414054,8,null,199.96429443359375,5.091114044189453,1377337661999
52.228001600455926,6.896652563685033,82.458068955084,8,null,199.03855895996094,5.099956512451172,1377337662999
52.22791317399047,6.89660460271593,82.5883405016123,8,null,197.1448974609375,5.083456993103027,1377337664999
52.22782681692375,6.896546235459323,82.27495929590215,8,null,203.54441833496094,5.06059455871582,1377337666999
52.22774096891856,6.896497300837477,82.09882044666685,8,null,197.54656982421875,4.90900182723999,1377337668999
52.227658041322734,6.896444668375034,81.81417716681494,8,null,204.14004516601562,4.772754192352295,1377337670999
52.22757720205845,6.896382871260221,81.63874031961103,8,null,210.8413543701172,4.668525218963623,1377337672999
52.22751193024593,6.896319341388558,81.47591458406224,8,null,214.33969116210938,4.480037689208984,1377337674999
52.22745658631657,6.896253832181505,81.3472828011394,8,null,212.54891967773438,4.355103969573975,1377337676999
52.22739672139485,6.896184134620196,80.97748243804004,8,null,208.76422119140625,4.330974102020264,1377337678999
52.227334970143055,6.896116138810801,80.47864979901189,8,null,211.9604034423828,4.317070484161377,1377337680999
52.22726957973955,6.89603689663162,80.86157992303912,8,null,214.4139862060547,4.342136383056641,1377337682999
52.22720211676235,6.895977034345015,80.91455054654442,8,null,205.52381896972656,4.30491828918457,1377337684999
52.22716601351881,6.8959380934521874,81.20043932006921,8,null,212.7671356201172,4.3466105461120605,1377337685999
52.22712789299983,6.8959025263376805,81.54425369418686,8,null,209.6667938232422,4.378290176391602,1377337686999
52.22708573374599,6.895864402953939,81.56663060052762,8,null,210.55868530273438,4.436953544616699,1377337687999
52.22704621117658,6.895831287514587,81.23819649933925,8,null,207.37844848632812,4.446305751800537,1377337688999
52.22696751790822,6.8957618249349295,80.3686032313669,8,null,210.0271759033203,4.4991135597229,1377337690999
52.22689550966746,6.8956970196094245,79.60099460604653,12,null,209.41555786132812,4.488736152648926,1377337692999
52.22683197996395,6.895634241620362,79.4262656176966,12,null,211.14401245117188,4.43768835067749,1377337694999
52.2267677068764,6.8955643241876965,79.37043511364608,12,null,215.20521545410156,4.371831893920898,1377337696999
52.226693039306085,6.895490862866302,79.26078765326402,12,null,209.05299377441406,4.351320743560791,1377337698999
52.22661448835042,6.895412556103277,79.88621338563902,12,null,210.61038208007812,4.374147891998291,1377337700999
52.22653664941033,6.895337590574705,80.40955408631478,12,null,209.70079040527344,4.517165184020996,1377337702999
52.226491725608376,6.895301769862379,81.23029177252309,8,null,205.20176696777344,4.607091426849365,1377337703999
52.22645357710917,6.895267552872791,82.26972771874892,8,null,208.58489990234375,4.625264644622803,1377337704999
52.22641802544006,6.895227111158691,83.3010349879867,8,null,214.40765380859375,4.664891719818115,1377337705999
52.22633994384446,6.895151861895649,84.69087918083416,12,null,205.4752197265625,4.7384233474731445,1377337707999
52.22625879305751,6.895079550698171,86.20294399955797,12,null,205.35809326171875,4.7301411628723145,1377337709999
52.22616630036211,6.8950318500261645,86.88407217241632,8,null,198.33851623535156,4.670746803283691,1377337711999
52.2261163516433,6.895005138659973,86.83968949384794,8,null,197.46763610839844,4.711588382720947,1377337712999
52.22606733773188,6.89498074898655,87.26268187090896,8,null,197.14378356933594,4.74932336807251,1377337713999
52.22601558599784,6.894952391637327,87.3660376314679,8,null,199.05775451660156,4.7837419509887695,1377337714999
52.22595874463032,6.894919169001335,87.64726649786681,8,null,198.79148864746094,4.837254047393799,1377337715999
52.225903376348775,6.894893545981772,87.74729745113437,8,null,193.9376220703125,4.879555702209473,1377337716999
52.225808603847774,6.894852425291089,87.69238480128743,8,null,192.4160919189453,4.934353351593018,1377337718999
52.22571463960444,6.894814381959661,88.16639492949692,8,null,191.4486541748047,4.984457969665527,1377337720999
52.22561474061754,6.894783457950658,87.81553875695236,8,null,190.11256408691406,5.030056476593018,1377337722999
52.22551798582992,6.894767814156516,87.0234171532399,8,null,184.80111694335938,5.0416107177734375,1377337724999
52.22542321330809,6.894751893830268,86.58406246760471,8,null,184.26953125,5.084726810455322,1377337726999
52.22532608424148,6.8947415872657976,86.3738991098158,8,null,182.88246154785156,5.138235569000244,1377337728999
52.22523493530553,6.894746835830898,86.10048307637916,8,null,179.6322479248047,5.109580993652344,1377337730999
52.225145595873684,6.894750936982537,85.79869840701275,8,null,180.68264770507812,5.136239528656006,1377337732999
52.22504331041958,6.894762257950723,85.77043489621546,8,null,174.5911407470703,5.1287007331848145,1377337734999
52.22494500414132,6.894771361296567,85.12594249554915,8,null,181.66244506835938,5.147368907928467,1377337736999
52.224854189612664,6.894780344361921,85.35924892828379,8,null,178.35018920898438,5.103695392608643,1377337738999
52.22476274221041,6.8948025014992504,86.55883897513979,8,null,171.83677673339844,5.01086950302124,1377337740999
52.22466637667792,6.894825574736765,87.3264541109111,8,null,171.5258331298828,4.969492435455322,1377337742999
52.224576667604545,6.894855512272327,87.23589372455419,8,null,169.81712341308594,4.966299533843994,1377337744999
52.22452742354379,6.8948849616424,87.66344982685523,8,null,162.36416625976562,5.0035786628723145,1377337745999
52.224483251624406,6.894919653651337,88.1760590720996,8,null,160.44381713867188,5.024907112121582,1377337746999
52.22443414709378,6.8949500351392485,87.92978415357942,8,null,162.27212524414062,5.044301509857178,1377337747999
52.2243809219421,6.894986396879995,87.97764841712981,8,null,162.343994140625,5.058062553405762,1377337748999
52.22432655259519,6.895024821197529,87.80359113190478,8,null,161.20310974121094,5.090418338775635,1377337749999
52.224277331458566,6.8950599485029995,87.32136264495463,8,null,159.5593719482422,5.090510845184326,1377337750999
52.22422976708495,6.895095129128991,86.95732073474208,8,null,159.11257934570312,5.093372344970703,1377337751999
52.224184262336905,6.895132261768428,86.79054776763847,8,null,156.8981170654297,5.1268391609191895,1377337752999
52.224135348195716,6.89517507332802,86.00389144808861,8,null,154.42709350585938,5.149893760681152,1377337753999
52.22409480607944,6.895207828475176,85.56390122045393,8,null,157.34640502929688,5.140323638916016,1377337754999
52.22404970158097,6.895235251635563,84.5825459557635,8,null,163.54043579101562,5.13381290435791,1377337755999
52.22396528282758,6.895280776227193,82.45197099908711,8,null,164.64015197753906,5.111022472381592,1377337757999
52.22392575696419,6.895313975415359,81.58696412924321,8,null,159.29136657714844,5.087707042694092,1377337758999
52.2238560180128,6.8953680278774705,81.29174374676613,8,null,161.7460479736328,5.015329360961914,1377337760999
52.223791322841684,6.895409890479709,81.69405775796014,8,null,166.05169677734375,4.859081268310547,1377337762999
52.22369986195032,6.895453489596927,81.88115776384582,12,null,165.9414520263672,4.5060343742370605,1377337765999
52.22364071769229,6.895519323771777,82.0093974591517,8,null,160.53884887695312,4.252765655517578,1377337767999
52.22359139657109,6.895566063659505,82.16735849045952,8,null,154.6893768310547,4.019350051879883,1377337769999
52.22354985873199,6.895600940717939,82.35295905825701,8,null,150.64462280273438,3.8492462635040283,1377337771999
52.223505338358486,6.895634273772839,82.48526109506986,8,null,154.8240966796875,3.697216272354126,1377337773999
52.2234503349682,6.89566183237589,82.4223480210052,8,null,151.41595458984375,3.577272891998291,1377337775999
52.22335877140663,6.895674312124722,82.3836407764094,8,null,170.61679077148438,3.601109743118286,1377337777999
52.22326272184252,6.895677152059409,82.48892139950674,8,null,173.92752075195312,3.6791651248931885,1377337779999
52.223175837463835,6.895684499714281,82.65111037883626,8,null,173.6171875,3.743786334991455,1377337781999
52.22309744811573,6.895706025820992,84.10329628679435,8,null,167.9863739013672,3.794513463973999,1377337783999
52.22302072911046,6.8957213390432015,85.52335169362765,8,null,173.16375732421875,3.853864908218384,1377337785999
52.22291004060724,6.895756782194232,86.22189926744032,12,null,164.26158142089844,3.95562744140625,1377337788999
52.22279311433502,6.895770285780788,86.36139492315345,12,null,173.1656036376953,4.048622131347656,1377337791999
52.222690654651586,6.895751707118281,86.42479287062892,12,null,181.3939971923828,3.952185869216919,1377337794999
52.2225675305396,6.895754232328512,86.70145698511664,12,null,167.75929260253906,3.921738862991333,1377337797999
52.22245848068905,6.895721045560528,87.59815433021087,12,null,241.28793334960938,3.486447334289551,1377337801999
52.222445765905974,6.89561654601873,88.1753241041282,12,null,240.58810424804688,3.174330234527588,1377337805999
52.22241347359213,6.895517806205297,88.73051112288009,12,null,229.3102264404297,3.0932843685150146,1377337808999
52.22239523739545,6.895421574080976,89.01156701920308,12,null,254.501953125,3.113074541091919,1377337810999
52.2223853397549,6.895315907113832,89.11686682070672,12,null,248.85528564453125,3.159125328063965,1377337812999
52.22234065824381,6.895225610962585,89.31219635953785,12,null,205.60696411132812,2.972245216369629,1377337815999
52.222244308369454,6.895153432655463,89.47616831308939,16,null,205.61647033691406,2.9768028259277344,1377337818999
52.22220864237626,6.895132059172683,89.52710408397303,12,null,199.3170166015625,3.0023751258850098,1377337819999
52.22210852893972,6.895069080371942,89.5603613316455,12,null,221.5121307373047,3.078965425491333,1377337822999
52.22199767052977,6.895012472696482,89.31129436903564,16,null,189.61231994628906,3.1319620609283447,1377337825999
52.22195652622492,6.895009761893131,89.18564542289438,12,null,187.3281707763672,3.181915760040283,1377337826999
52.2218436424741,6.89504774550773,88.93840197498488,12,null,182.79348754882812,3.194882869720459,1377337829999
52.22176080156672,6.895107573303095,88.96732680965592,12,null,171.8004150390625,3.1666066646575928,1377337832999
52.2216469794097,6.8951273836298625,88.88454268072879,12,null,183.0539093017578,3.0613138675689697,1377337836999
52.22160047676298,6.895125271967449,88.76939933957668,8,null,188.6576385498047,2.911153554916382,1377337838999
52.221534168628146,6.895149121036766,88.78330025302172,8,null,171.66549682617188,2.700441360473633,1377337841999
52.22143388757101,6.895177443151967,88.72705757103698,12,null,179.95382690429688,2.450599431991577,1377337845999
52.22141705418207,6.895181622293373,88.68145005203017,8,null,172.29449462890625,2.3377323150634766,1377337846999
52.2213096559134,6.89519526321041,88.62917763936909,12,null,172.64813232421875,1.7852783203125,1377337853999
52.22120619596992,6.895156034171994,88.50764039087633,12,null,187.61109924316406,1.9726357460021973,1377337857999
52.221155575100276,6.895081286887368,88.4489615006039,8,null,206.2917938232422,2.042556047439575,1377337860999
52.221089085679566,6.895054736768361,88.47126377827742,8,null,191.31057739257812,2.128192901611328,1377337863999
52.221024661162275,6.895028644155556,88.54322509355073,8,null,192.4022979736328,2.3083155155181885,1377337866999
52.220976330809,6.894996310517361,88.72128291220947,8,null,195.61900329589844,2.3719539642333984,1377337868999
52.220927329246194,6.894984515535568,88.91482193457635,6,null,182.42327880859375,2.355409622192383,1377337870999
52.22085922817983,6.895019669089404,89.04302946776873,8,null,162.0175323486328,2.3928062915802,1377337872999
52.22078580506761,6.895052653105582,89.03730877727811,8,null,165.79342651367188,2.4736108779907227,1377337874999
52.220722147100794,6.895081592901758,89.06585127138105,8,null,160.4409942626953,2.6086299419403076,1377337876999
52.220654271307836,6.895125426114741,88.94911811426464,8,null,158.88148498535156,2.6979758739471436,1377337878999
52.22059322773309,6.895184465431215,88.9036360656037,8,null,148.67434692382812,2.766011953353882,1377337880999
52.220541969722085,6.895248187437162,88.97436784625764,8,null,140.4368438720703,2.755929470062256,1377337882999
52.220503224456834,6.895314033261128,89.05782517976203,8,null,139.78819274902344,2.733414888381958,1377337884999
52.220465482492195,6.895379855404536,89.12727213429176,8,null,139.29275512695312,2.71036434173584,1377337886999
52.22043029556542,6.895430651134002,89.19228057983234,6,null,142.0329132080078,2.646664619445801,1377337888999
52.22039029629762,6.895480089315431,89.23782857929781,8,null,141.73146057128906,2.6086089611053467,1377337890999
52.22037702829198,6.8955026264306865,89.24826489223814,6,null,132.6969757080078,2.5285391807556152,1377337891999
52.220351563983215,6.895532485295365,89.33105593869789,6,null,144.81863403320312,2.3631362915039062,1377337893999
52.22031043009948,6.895581548751274,89.38073799774004,8,null,150.03549194335938,1.796616554260254,1377337898999
52.22030404074505,6.895588640830714,89.36788679798698,6,null,148.55514526367188,1.7001267671585083,1377337899999
52.220273815256036,6.895615106903194,89.35714609997972,6,null,154.845947265625,1.5792229175567627,1377337902999
52.22023385679645,6.895642845777243,89.29487986529728,6,null,130.7176513671875,1.4132071733474731,1377337906999
52.22019102226463,6.895695289512872,89.07808660924246,8,null,141.2825164794922,1.337124228477478,1377337910999
52.22016218989549,6.895757883761297,88.72574068281199,8,null,143.29840087890625,1.2770806550979614,1377337915999
52.22011730997106,6.895792342553383,88.56944827473761,8,null,163.78628540039062,1.4930137395858765,1377337917999
52.22003595993376,6.8958296900514435,88.25719759417993,12,null,163.0836944580078,1.7942736148834229,1377337920999
52.220012054374365,6.895841487560482,88.20006201602833,8,null,158.97984313964844,1.881606936454773,1377337921999
52.21991396852408,6.895861519420761,87.98311160267517,12,null,180.95205688476562,1.9976774454116821,1377337926999
52.219809337852354,6.895889584476032,87.42277421248164,12,null,170.22317504882812,2.209303855895996,1377337931999
52.219720073987595,6.89593554285482,87.54799186939088,12,null,157.86224365234375,2.410217761993408,1377337935999
52.21962739027358,6.895957047774868,87.98187042718733,12,null,159.95587158203125,2.3222742080688477,1377337940999
52.21953071760587,6.8959748981172355,88.09608028608491,12,null,169.26974487304688,0,1377337949999
52.21954653967882,6.895983262725815,87.8565749276925,8,null,339.8224792480469,0,1377337968999
52.21954807545038,6.895906958148663,87.81798058613337,4,null,339.8224792480469,0,1377337973999
52.21955157617766,6.895873900777271,87.78524165043773,4,null,339.8224792480469,0,1377337976999
52.21955899340854,6.89586118555143,87.58298575250313,8,null,304.937255859375,0.3467290699481964,1377337980999
52.21957442157367,6.895848160061955,87.1889165403956,8,null,324.2503662109375,0.38896381855010986,1377337983999
52.21957598092196,6.895849010427659,87.17812279518607,6,null,324.2503662109375,0,1377337984999
52.22212725168928,6.897191607520879,156.9778523947573,128,null,null,0,1377338556444
52.22289625513224,6.897799392012849,87.3624801519226,128,null,null,0,1377338558444
52.22352180104739,6.897601866774182,627.0262593147826,96,null,null,0,1377338609444
52.22352180104739,6.897601866774182,126.6694827009257,12,null,null,0,1377338614444
52.22352180104739,6.897601866774182,121.57711520652967,8,null,null,0,1377338615999
52.22355085508425,6.897583324998729,112.60880955933047,6,null,null,0,1377338619999
52.22332718837331,6.8974135881573195,98.1606013157171,6,null,null,0,1377338646999
52.223018952763795,6.897182062625328,98.17261465134641,6,null,null,0,1377338647999
52.222730309725364,6.896972137619292,98.1817800186688,6,null,null,0,1377338648999
52.222512576402366,6.896832097481389,98.19517553062678,8,null,null,0,1377338649999
52.22234788703513,6.896741925062766,98.21285414056216,16,null,null,0,1377338650999
52.22223812288766,6.896695243897096,98.23287285894536,12,null,null,0,1377338651999
52.22201434909283,6.896670696504612,98.25374322127941,6,null,null,0,1377338652999
52.22197614150346,6.89668893050242,98.27276042601757,6,null,null,0,1377338653999
52.22193978134494,6.896707974693836,98.32925490427489,6,null,null,0,1377338658999
