Latitude,Longitude,Altitude,Accuracy,Altitude Accuracy,Heading,Speed,Timestamp
52.218171117892595,6.896523772425357,88.31479787891752,8,null,153.76930236816406,1.1865988969802856,1377340319000
52.21807408299777,6.896576320219976,87.92923828274088,16,null,181.7171630859375,0.9474295377731323,1377340332000
52.21807404559168,6.896576397941938,88.10144378447062,12,null,181.7171630859375,0,1377340333000
52.21806430680046,6.896580905738597,88.71690914339295,8,null,169.3357391357422,0.8913683891296387,1377340336000
52.21801417456413,6.896613367916386,88.89610181298107,8,null,170.7302703857422,0,1377340341000
52.21791558572971,6.89664443397778,89.5549678980508,12,null,151.22720336914062,0.8155112862586975,1377340352000
52.21779384726167,6.896742665312948,91.38729299251989,24,null,161.7008056640625,0.6771667003631592,1377340365000
52.21778759004235,6.896752217857154,91.40518855038069,16,null,161.7008056640625,0,1377340366000
52.21777936702459,6.896792976872912,91.42281390391624,12,null,161.7008056640625,0,1377340370000
