Latitude,Longitude,Altitude,Accuracy,Altitude Accuracy,Heading,Speed,Timestamp
52.219777652062476,6.89599416218698,97.0999755859375,10,null,95,1.8139500617980957,1377338448000
52.219839175231755,6.895918808877468,97.70001220703125,10,null,18,2.689650058746338,1377338451000
52.21989688463509,6.895856112241745,98,10,null,351,2.1892499923706055,1377338453000
52.21996704116464,6.895800540223718,98.70001220703125,10,null,342,2.689650058746338,1377338456000
52.220036652870476,6.895743794739246,98.79998779296875,10,null,339,3.56535005569458,1377338458000
52.220095158554614,6.8956975266337395,98.5999755859375,10,null,342,3.94064998626709,1377338459000
52.220178726129234,6.895641451701522,98.29998779296875,10,null,331,2.689650058746338,1377338461000
52.220246200449765,6.895612282678485,98.29998779296875,10,null,342,3.315150022506714,1377338463000
52.220310950651765,6.895575737580657,98.4000244140625,10,null,345,3.377699851989746,1377338465000
