Latitude,Longitude,Altitude,Accuracy,Altitude Accuracy,Heading,Speed,Timestamp
52.2168845,6.8989492,null,42,null,null,null,1377339199899
52.217042804695666,6.8991453386843204,102.79999999999995,5,null,172.85000610351562,0.5,1377339200000
52.21700856462121,6.899181799963117,102.89999999999998,5,null,164.9499969482422,1.75,1377339210000
52.21697105560452,6.899190014228225,102.70000000000005,5,null,167.72000122070312,3.4375,1377339211000
52.21688191406429,6.899211136624217,102.70000000000005,10,null,167.72999572753906,3.0625,1377339214000
52.21681301482022,6.899243909865618,102.70000000000005,10,null,154.86000061035156,1.6875,1377339218000
52.216761047020555,6.899288333952427,102.5,10,null,145.77999877929688,2,1377339221000
52.2170068,6.8988461,null,49.5,null,null,null,1377339223421
52.21670601982623,6.899341642856598,102.89999999999998,10,null,146.38999938964844,2.5,1377339224000
