Latitude,Longitude,Altitude,Accuracy,Altitude Accuracy,Heading,Speed,Timestamp
52.22085283,6.89532304,97,3,null,null,0,1377336129000
52.22085283,6.89532302,97,3,null,null,0,1377336130000
52.22085284,6.89532304,97,3,null,null,0,1377336131000
52.22085112,6.89531826,96.80000305175781,3,null,339.29998779296875,0.5,1377336132000
52.22084653,6.89530896,96.9000015258789,3,null,339.29998779296875,0.5,1377336133000
52.22085044,6.89531215,97.0999984741211,3,null,339.29998779296875,0.25,1377336134000
52.22085766,6.89530262,96.80000305175781,3,null,null,0,1377336135000
52.22086208,6.89530118,96.4000015258789,3,null,null,0,1377336136000
52.22086132,6.8953012,96.69999694824219,3,null,null,0,1377336137000
52.22086406,6.89530118,96.5,3,null,null,0,1377336138000
52.2208643,6.89530112,96.5999984741211,3,null,null,0,1377336139000
52.22086496,6.89530109,96.5999984741211,4,null,null,0,1377336140000
52.22086539,6.89530138,96.69999694824219,3,null,null,0,1377336141000
52.2208656,6.89530155,96.69999694824219,3,null,null,0,1377336142000
52.2208634,6.89530505,96.4000015258789,4,null,339.29998779296875,0.5,1377336143000
52.22087573,6.89529822,97.19999694824219,3,null,339.29998779296875,0.75,1377336144000
52.22088198,6.89529273,97.0999984741211,3,null,339.29998779296875,0.25,1377336145000
52.22088876,6.89528492,96.9000015258789,3,null,339.29998779296875,0.25,1377336146000
52.22089753,6.8952732,96.9000015258789,3,null,null,0,1377336147000
52.22090121,6.89527645,97.5,3,null,339.29998779296875,0.5,1377336148000
52.22090948,6.89527906,97.9000015258789,3,null,339.29998779296875,0.75,1377336149000
52.22091429,6.89528189,98.5999984741211,3,null,339.29998779296875,0.5,1377336150000
52.22092504,6.89528759,97.9000015258789,3,null,33.5,0.75,1377336151000
52.22093802,6.8952922,97.69999694824219,3,null,24.5,1,1377336152000
52.22094993,6.89529653,98,3,null,24.799999237060547,1,1377336153000
52.22096143,6.89530031,99.80000305175781,3,null,22.100000381469727,1,1377336154000
52.22097134,6.8953031,100.9000015258789,3,null,22.600000381469727,1,1377336155000
52.22098436,6.89530359,99.0999984741211,3,null,14.699999809265137,1,1377336156000
52.22099894,6.89529854,96.5999984741211,3,null,0.20000000298023224,1,1377336157000
52.22101236,6.89528836,95.9000015258789,3,null,346.6000061035156,1.25,1377336158000
52.22102395,6.89527641,96.80000305175781,3,null,337,1,1377336159000
52.22103184,6.8952655,96.80000305175781,4,null,327.3999938964844,0.75,1377336160000
52.22103705,6.89525691,97,4,null,327.3999938964844,0.75,1377336161000
52.22104196,6.89525148,97.19999694824219,4,null,327.3999938964844,0.5,1377336162000
52.22105134,6.89524494,93.9000015258789,3,null,327.3999938964844,0.75,1377336163000
52.22106311,6.89523756,93.19999694824219,4,null,339.79998779296875,0.75,1377336164000
52.22107581,6.89523181,92.9000015258789,4,null,345.20001220703125,1,1377336165000
52.22108764,6.89522786,92.80000305175781,4,null,347.79998779296875,1,1377336166000
52.22109808,6.89523003,93.30000305175781,4,null,357.3999938964844,1,1377336167000
52.22110679,6.89523527,93.5,4,null,9.699999809265137,0.75,1377336168000
52.22111426,6.8952428,93.9000015258789,4,null,22.100000381469727,0.75,1377336169000
52.22112231,6.89525121,94,4,null,29.899999618530273,0.75,1377336170000
52.22112951,6.89525605,94.19999694824219,4,null,26.700000762939453,0.75,1377336171000
52.22113568,6.89525952,94.19999694824219,4,null,26.700000762939453,0.75,1377336172000
52.22114192,6.89526459,94.30000305175781,4,null,26.700000762939453,0.75,1377336173000
52.22114915,6.89526945,94.19999694824219,4,null,26.700000762939453,0.75,1377336174000
52.22115822,6.89527487,94.19999694824219,4,null,26.700000762939453,0.75,1377336175000
52.22116542,6.89528336,93.9000015258789,4,null,29.200000762939453,0.75,1377336176000
52.22117594,6.895284,93,5,null,24.899999618530273,0.75,1377336177000
52.22118731,6.89528069,92.5999984741211,5,null,22.899999618530273,0.75,1377336178000
52.22119922,6.89527306,92.5,5,null,22.899999618530273,0.75,1377336179000
52.22120864,6.89526423,92.19999694824219,5,null,22.899999618530273,0.75,1377336180000
52.22121679,6.89524808,92,4,null,22.899999618530273,0.5,1377336181000
52.22122551,6.89523635,91.9000015258789,4,null,22.899999618530273,0.5,1377336182000
52.2212349,6.89522231,92,4,null,22.899999618530273,0.5,1377336183000
52.22124454,6.89521279,92.0999984741211,4,null,22.899999618530273,0.5,1377336184000
52.22125755,6.89520602,92,4,null,22.899999618530273,0.5,1377336185000
52.221281,6.89520043,91.80000305175781,4,null,353.3999938964844,1,1377336186000
52.22130795,6.8951966,91.5999984741211,4,null,358.79998779296875,1.25,1377336187000
52.22133768,6.89519406,91.30000305175781,4,null,1.2000000476837158,1.5,1377336188000
52.22136948,6.89519092,94.4000015258789,3,null,0.6000000238418579,1.75,1377336189000
52.22140308,6.89518626,95.19999694824219,3,null,356.79998779296875,2,1377336190000
52.22144106,6.895184,96.4000015258789,3,null,356.5,2.25,1377336191000
52.22147698,6.89518203,97.69999694824219,3,null,355.79998779296875,2.25,1377336192000
52.22150646,6.89518057,97.9000015258789,3,null,355.8999938964844,2,1377336193000
52.22152866,6.89518051,98,4,null,357.79998779296875,1.75,1377336194000
52.22154455,6.89517946,98.4000015258789,4,null,356,1.25,1377336195000
52.22155732,6.8951777,98.5999984741211,4,null,353.5,1,1377336196000
52.22156844,6.89517627,98.5999984741211,4,null,353.70001220703125,1,1377336197000
52.22158132,6.89517441,98.80000305175781,4,null,352.79998779296875,1,1377336198000
52.22160775,6.89517828,100.69999694824219,3,null,357.29998779296875,1.5,1377336199000
52.22163931,6.8951841,100.5999984741211,3,null,1.2000000476837158,1.75,1377336200000
52.22167512,6.89519134,100.19999694824219,3,null,2.4000000953674316,2.25,1377336201000
52.22170568,6.89519594,101.30000305175781,3,null,5.099999904632568,2,1377336202000
52.22172871,6.89519652,100.5,3,null,4.900000095367432,1.75,1377336203000
52.22175721,6.89519236,99.5999984741211,3,null,358.70001220703125,2,1377336204000
52.22179238,6.89518448,99.19999694824219,4,null,355.8999938964844,2.5,1377336205000
52.22182805,6.89517553,95.0999984741211,3,null,354.6000061035156,3,1377336206000
52.22186978,6.89516676,93.4000015258789,4,null,355.20001220703125,3.5,1377336207000
52.22190521,6.89516467,94,3,null,358.70001220703125,3.25,1377336208000
52.22193684,6.89516664,93.4000015258789,4,null,2.799999952316284,3,1377336209000
52.22196932,6.89517053,90.69999694824219,3,null,4.199999809265137,3,1377336210000
52.22199958,6.89517515,90.30000305175781,4,null,6,3,1377336211000
52.2220322,6.89518194,90,4,null,6.300000190734863,3,1377336212000
52.22205799,6.8951942,89.9000015258789,4,null,10.699999809265137,2.75,1377336213000
52.22208003,6.89521179,90.80000305175781,4,null,17.600000381469727,2.75,1377336214000
52.22210374,6.89523148,91.0999984741211,4,null,21.600000381469727,2.75,1377336215000
52.22212343,6.89525061,92.19999694824219,4,null,25.5,2.5,1377336216000
52.22214423,6.89526563,90.80000305175781,3,null,22.799999237060547,2.5,1377336217000
52.22216466,6.89527727,91.19999694824219,4,null,19.299999237060547,2.25,1377336218000
52.22218337,6.89528831,91,3,null,19.5,2.25,1377336219000
52.22220387,6.8953004,89.80000305175781,3,null,19.100000381469727,2,1377336220000
52.22222033,6.89531122,89.5999984741211,4,null,20.5,2,1377336221000
52.22223192,6.89532021,85.5999984741211,3,null,23.899999618530273,1.5,1377336222000
52.22224269,6.89532723,83.0999984741211,3,null,23.399999618530273,1.25,1377336223000
52.22224813,6.89533651,81.9000015258789,3,null,35.70000076293945,1,1377336224000
52.22224875,6.89534983,86,3,null,65.4000015258789,0.75,1377336225000
52.22225209,6.8953663,85.4000015258789,3,null,70.5,1,1377336226000
52.22225486,6.89538799,84.80000305175781,3,null,85.5,1,1377336227000
52.2222598,6.89541339,84.9000015258789,4,null,84.30000305175781,1.25,1377336228000
52.22226901,6.89543105,81.0999984741211,4,null,66.9000015258789,1,1377336229000
52.22227696,6.89544518,80.30000305175781,4,null,66.80000305175781,1,1377336230000
52.22228784,6.89545197,80.80000305175781,4,null,null,0,1377336231000
52.22229914,6.89545564,80.19999694824219,4,null,5,0.75,1377336232000
52.22230743,6.89546996,79,5,null,35.599998474121094,1,1377336233000
52.22231494,6.89548138,78.80000305175781,5,null,35.599998474121094,0.75,1377336234000
52.22233029,6.89550058,78.0999984741211,6,null,33.400001525878906,1.25,1377336235000
52.22234905,6.895526,77.69999694824219,7,null,38.70000076293945,1.5,1377336236000
52.22237073,6.89556246,77.5,6,null,44,2,1377336237000
52.22238488,6.89561222,83.80000305175781,5,null,51.099998474121094,2.25,1377336238000
52.22239852,6.89564524,83.4000015258789,5,null,45.20000076293945,2,1377336239000
52.22241279,6.89566507,83.19999694824219,4,null,35.599998474121094,1.75,1377336240000
52.22243085,6.89567632,84.19999694824219,4,null,17.700000762939453,1.75,1377336241000
52.22245002,6.89567402,85.69999694824219,5,null,351.79998779296875,1.75,1377336242000
52.22246929,6.89567881,90.19999694824219,4,null,358.6000061035156,1.75,1377336243000
52.22248999,6.89568817,94.4000015258789,4,null,4.599999904632568,1.75,1377336244000
52.22251206,6.89569785,94.30000305175781,5,null,11.800000190734863,1.75,1377336245000
52.22253155,6.89570474,94.4000015258789,5,null,12.100000381469727,1.75,1377336246000
52.22255011,6.89571202,94.4000015258789,5,null,12,1.5,1377336247000
52.22256856,6.89571539,94.69999694824219,5,null,5.199999809265137,1.5,1377336248000
52.22258564,6.89571606,95.19999694824219,5,null,356.20001220703125,1.5,1377336249000
52.22260223,6.89571581,94.9000015258789,5,null,355.29998779296875,1.25,1377336250000
52.22261955,6.89571661,95.19999694824219,5,null,355.6000061035156,1.5,1377336251000
52.22263644,6.89571637,95.30000305175781,4,null,355.29998779296875,1.5,1377336252000
52.22265395,6.89571614,94.9000015258789,4,null,356.79998779296875,1.5,1377336253000
52.22267369,6.89571869,94.5999984741211,4,null,1.2000000476837158,1.75,1377336254000
52.22269637,6.89571771,94,4,null,357.5,2,1377336255000
52.22272083,6.89571764,93.5,4,null,359.29998779296875,2.25,1377336256000
52.2227474,6.89571554,93.80000305175781,4,null,357.79998779296875,2.25,1377336257000
52.2227737,6.89571114,94,4,null,354,2.25,1377336258000
52.22279898,6.89571174,93.80000305175781,4,null,355.70001220703125,2.25,1377336259000
52.222827529999996,6.8957117,94.80000305175781,4,null,354.79998779296875,2.5,1377336260000
52.22285489,6.89571232,94.5999984741211,3,null,356.20001220703125,2.5,1377336261000
52.22288038,6.89571496,94.19999694824219,3,null,357.8999938964844,2.5,1377336262000
52.22290546,6.89571438,93.69999694824219,4,null,355.79998779296875,2.5,1377336263000
52.22292228,6.89570962,92.69999694824219,4,null,351.1000061035156,2,1377336264000
52.22293459,6.89570602,93.4000015258789,3,null,349.70001220703125,1.5,1377336265000
52.22294445,6.89570463,94,4,null,346.79998779296875,1.25,1377336266000
52.2229532,6.8957036,93.69999694824219,4,null,345.5,1,1377336267000
52.22296478,6.89570348,92.5999984741211,4,null,357.3999938964844,1,1377336268000
52.22297387,6.89570866,92.9000015258789,3,null,15.100000381469727,1,1377336269000
52.222978,6.89571831,93.4000015258789,3,null,15.100000381469727,0.75,1377336270000
52.22297699,6.89573254,93.69999694824219,3,null,15.100000381469727,0.75,1377336271000
52.22296917,6.89574482,94.5999984741211,3,null,122.80000305175781,1,1377336272000
52.22295657,6.89575019,95.5,4,null,153.1999969482422,1.25,1377336273000
52.2229415,6.89575661,95.5999984741211,4,null,158.3000030517578,1.5,1377336274000
52.22292493,6.89576702,101.5,3,null,161.10000610351562,1.5,1377336275000
52.22290579,6.89577569,103.0999984741211,4,null,164,1.75,1377336276000
52.22288561,6.89578227,104,4,null,164.5,2,1377336277000
52.22286598,6.89578211,104.5,4,null,172,2,1377336278000
52.22284288,6.89577745,104.80000305175781,4,null,178.39999389648438,2.25,1377336279000
52.22277777,6.89576724,104.19999694824219,4,null,177.6999969482422,2.25,1377336282000
52.22275505,6.8957676,104,4,null,174.60000610351562,2.25,1377336283000
52.22272565,6.89577464,105.4000015258789,4,null,169.6999969482422,2.5,1377336284000
52.22269714,6.895782,105.4000015258789,4,null,168.3000030517578,2.75,1377336285000
52.22266391,6.89579971,111.30000305175781,4,null,161.39999389648438,3,1377336286000
52.22262405,6.89581597,111.80000305175781,5,null,156.5,3.5,1377336287000
52.2225351,6.89578536,114.9000015258789,5,null,173.10000610351562,4,1377336288000
52.22249001,6.89578613,115.5999984741211,5,null,173.5,4,1377336289000
52.22245436,6.89579469,116.19999694824219,5,null,169.1999969482422,3.5,1377336290000
52.22244996,6.89583914,116.80000305175781,5,null,139,2.25,1377336291000
52.22244041,6.89589677,116.19999694824219,5,null,118,3,1377336292000
52.22243589,6.89604542,112.5,5,null,88.80000305175781,3,1377336295000
52.22243472,6.8961175,112.9000015258789,5,null,84.4000015258789,4,1377336296000
52.22242959,6.89617501,112.19999694824219,5,null,90,3.25,1377336297000
52.22242966,6.89623028,111.5,5,null,87.4000015258789,3.5,1377336298000
52.22243059,6.89628263,111.0999984741211,5,null,86.80000305175781,3.5,1377336299000
52.22243093,6.89633895,110.9000015258789,5,null,87.5,3.5,1377336300000
52.2224293,6.89639275,111.30000305175781,5,null,88.80000305175781,3.5,1377336301000
52.22242783,6.89644046,110.69999694824219,4,null,89,3.25,1377336302000
52.22242668,6.89649257,110,5,null,89.4000015258789,3.25,1377336303000
52.22242581,6.89654343,109.80000305175781,4,null,89.4000015258789,3.25,1377336304000
52.22242644,6.89659508,109.80000305175781,4,null,87.30000305175781,3.25,1377336305000
52.22242604,6.89664616,110,4,null,89.5,3.25,1377336306000
52.22242161,6.89668993,109.19999694824219,4,null,96.0999984741211,3,1377336307000
52.2224092,6.89673038,110.80000305175781,4,null,108.0999984741211,2.75,1377336308000
52.22239012,6.89674767,112.0999984741211,4,null,132.3000030517578,2.25,1377336309000
52.22236878,6.89674754,112.4000015258789,4,null,158.89999389648438,2,1377336310000
52.22234219,6.89673737,112.4000015258789,3,null,179.3000030517578,2.25,1377336311000
52.22231552,6.89671944,112.19999694824219,3,null,191.5,2.5,1377336312000
52.22228695,6.89670785,112.19999694824219,3,null,187.39999389648438,2.75,1377336313000
52.22225649,6.89670011,111.5999984741211,3,null,184.5,3,1377336314000
52.22222729,6.89669482,111.5,4,null,182.5,3,1377336315000
52.22219418,6.89668644,111.4000015258789,3,null,184.10000610351562,3.25,1377336316000
52.22216416,6.89667615,110.5,3,null,186.10000610351562,3,1377336317000
52.2221392,6.89666492,108,3,null,187.89999389648438,3,1377336318000
52.22211415,6.89665165,107.80000305175781,3,null,191.60000610351562,2.75,1377336319000
52.22209207,6.89664088,107.80000305175781,3,null,190.89999389648438,2.5,1377336320000
52.22206896,6.89663203,107.80000305175781,3,null,190.1999969482422,2.5,1377336321000
52.22204452,6.89662364,107.5,3,null,189.89999389648438,2.75,1377336322000
52.22201986,6.8966169,107.30000305175781,4,null,188.39999389648438,2.75,1377336323000
52.22199371,6.89661234,107.0999984741211,3,null,186.60000610351562,2.75,1377336324000
52.22197282,6.89661025,107.69999694824219,3,null,185.10000610351562,2.5,1377336325000
52.221959,6.89661007,107.69999694824219,3,null,183.6999969482422,2,1377336326000
52.22194547,6.8966135,110,3,null,176.39999389648438,1.75,1377336327000
52.22193565,6.89662072,109.19999694824219,3,null,169.60000610351562,1.5,1377336328000
52.22192701,6.89662679,108.4000015258789,3,null,171.39999389648438,1.25,1377336329000
52.22191704,6.89663098,108.5999984741211,4,null,172.6999969482422,1.5,1377336330000
52.22190825,6.8966321,108.9000015258789,4,null,177.3000030517578,1.25,1377336331000
52.22189887,6.89663143,109.69999694824219,4,null,182.60000610351562,1.25,1377336332000
52.22189683,6.89663413,108.30000305175781,3,null,177.6999969482422,1,1377336333000
52.22189898,6.8966406,107,3,null,177.6999969482422,0.5,1377336334000
52.22190357,6.89665095,105.9000015258789,4,null,177.6999969482422,0.5,1377336335000
52.221909,6.89666404,106.0999984741211,4,null,177.6999969482422,0.5,1377336336000
52.2219181,6.89667336,105.19999694824219,3,null,null,0,1377336337000
52.22192337,6.89667199,104.5,3,null,177.6999969482422,0.5,1377336338000
52.22192404,6.89666786,104.69999694824219,3,null,177.6999969482422,0.5,1377336339000
52.221924369999996,6.89666611,105,4,null,177.6999969482422,0.25,1377336340000
52.22192429,6.89666199,105.5,4,null,177.6999969482422,0.25,1377336341000
52.2219244,6.89665745,105.9000015258789,3,null,177.6999969482422,0.25,1377336342000
52.22192603,6.89665189,106.5999984741211,3,null,177.6999969482422,0.25,1377336343000
52.22192825,6.89665186,106.5,3,null,null,0,1377336344000
52.22192981,6.8966516,106.5999984741211,3,null,null,0,1377336345000
52.22193052,6.89665213,106.4000015258789,3,null,null,0,1377336346000
52.22193023,6.89665636,107,3,null,null,0,1377336347000
52.22193004,6.89665839,107.30000305175781,3,null,null,0,1377336348000
52.22193023,6.89665863,107.4000015258789,3,null,null,0,1377336349000
52.22193083,6.89665824,107.5999984741211,3,null,null,0,1377336350000
52.22193099,6.89665777,107.9000015258789,3,null,null,0,1377336351000
52.221931,6.89665757,108.19999694824219,3,null,null,0,1377336352000
52.22193157,6.89665769,108.0999984741211,3,null,null,0,1377336353000
52.22193269,6.8966577,108.0999984741211,3,null,null,0,1377336354000
52.22193392,6.89665788,108.0999984741211,3,null,null,0,1377336355000
52.22193457,6.89665804,108.0999984741211,3,null,null,0,1377336356953
52.22193531,6.89665805,108,4,null,null,0,1377336358000
52.22193567,6.89665804,108,3,null,null,0,1377336359000
52.22193589,6.89665801,108,3,null,null,0,1377336360000
52.221936,6.89665798,108,3,null,null,0,1377336361000
52.22193607,6.89665796,108.0999984741211,3,null,null,0,1377336362000
52.2219361,6.89665794,108.0999984741211,3,null,null,0,1377336363000
52.22193614,6.89665793,108.0999984741211,4,null,null,0,1377336364000
52.22193573,6.89665832,108.19999694824219,4,null,null,0,1377336365000
52.22193521,6.89665875,108.30000305175781,3,null,null,0,1377336366000
52.22193435,6.89665937,108.5999984741211,4,null,null,0,1377336367000
52.22193371,6.89665996,108.5999984741211,3,null,null,0,1377336368000
52.22193371,6.89665996,108.5999984741211,4,null,null,0,1377336368999
52.22193359,6.89666018,108.5999984741211,4,null,null,0,1377336370000
52.22193356,6.89666024,108.5999984741211,3,null,null,0,1377336371000
52.22193368,6.89666026,108.5,3,null,null,0,1377336372000
52.22193376,6.89666026,108.5,3,null,null,0,1377336373000
52.22193378,6.89666016,108.5,3,null,null,0,1377336374000
52.22193382,6.89666016,108.5,3,null,null,0,1377336375000
52.22193383,6.89666015,108.5,3,null,null,0,1377336376000
52.22193383,6.89666016,108.5,3,null,null,0,1377336377000
52.22193385,6.89666016,108.5,3,null,null,0,1377336378000
52.22193402,6.89666015,108.5,3,null,null,0,1377336379000
52.22193412,6.89666014,108.5,3,null,null,0,1377336380000
52.22193417,6.89666014,108.5,3,null,null,0,1377336381000
52.22193421,6.89666012,108.5,3,null,null,0,1377336382000
52.22193424,6.89666011,108.5,3,null,null,0,1377336383000
52.22193426,6.89666011,108.5,3,null,null,0,1377336384000
52.22193426,6.89666011,108.5,3,null,null,0,1377336385000
52.22193427,6.89666011,108.5,4,null,null,0,1377336386000
52.22193428,6.89666011,108.5,3,null,null,0,1377336387000
52.22193429,6.8966601,108.5,3,null,null,0,1377336388000
52.22193431,6.89666008,108.5,3,null,null,0,1377336389000
52.22193434,6.89666006,108.5,3,null,null,0,1377336390000
52.22193438,6.89666004,108.5,3,null,null,0,1377336391000
52.22193439,6.89666002,108.5,3,null,null,0,1377336392000
52.22193434,6.89666002,108.5,3,null,null,0,1377336393000
52.22193432,6.89666003,108.5,3,null,null,0,1377336394000
52.22193431,6.89666003,108.5,3,null,null,0,1377336395000
52.22193431,6.89666003,108.5,3,null,null,0,1377336396000
52.22193427,6.89666003,108.5,3,null,null,0,1377336397000
52.22193423,6.89666007,108.5,3,null,null,0,1377336398000
52.22193421,6.89666009,108.5,4,null,null,0,1377336399000
52.22193421,6.8966601,108.5,3,null,null,0,1377336400000
52.22193421,6.8966601,108.5,3,null,null,0,1377336401000
52.22193421,6.8966601,108.5,4,null,null,0,1377336402000
52.22193421,6.89666009,108.5,3,null,null,0,1377336403000
52.22193422,6.89666009,108.5,3,null,null,0,1377336404000
52.22193424,6.89666007,108.5,3,null,null,0,1377336405000
52.22193426,6.89666005,108.5,3,null,null,0,1377336406000
52.22193428,6.89666003,108.5,3,null,null,0,1377336407000
52.22193431,6.89666001,108.5,3,null,null,0,1377336408000
52.22193432,6.89666,108.5,3,null,null,0,1377336409000
52.22193434,6.89666,108.5,3,null,null,0,1377336410000
52.22193435,6.89666,108.5,3,null,null,0,1377336411000
52.22193233,6.89665297,108.5,3,null,177.6999969482422,0.5,1377336412000
52.22192348,6.89665629,108.4000015258789,3,null,172.39999389648438,1,1377336413000
52.22191989,6.89665405,107.9000015258789,3,null,172.39999389648438,0.5,1377336414000
52.22191227,6.89665051,107.80000305175781,3,null,196.3000030517578,0.75,1377336415000
52.22190264,6.89664945,108.19999694824219,3,null,188.10000610351562,1,1377336416000
52.22189249,6.89664696,108.19999694824219,3,null,191.89999389648438,1.25,1377336417000
52.22188265,6.89664475,107.4000015258789,3,null,191.39999389648438,1.25,1377336418000
52.22187297,6.89664133,107.0999984741211,3,null,193.8000030517578,1.25,1377336419000
52.22186103,6.89663675,106.9000015258789,3,null,195.1999969482422,1.25,1377336420000
52.22184929,6.89663145,106.5,3,null,198,1.25,1377336421000
52.22183653,6.89662588,106.19999694824219,4,null,198.39999389648438,1.5,1377336422000
52.22182255,6.89662335,106,3,null,191.89999389648438,1.5,1377336423000
52.2218087,6.89661802,104.4000015258789,3,null,189.5,1.5,1377336424000
52.2217955,6.89661342,104.19999694824219,3,null,186.89999389648438,1.5,1377336425000
52.22178285,6.89661051,103.80000305175781,3,null,184,1.5,1377336426000
52.22177215,6.89660412,103,3,null,189.6999969482422,1.5,1377336427000
52.22176106,6.89659154,102.0999984741211,3,null,198.8000030517578,1.5,1377336428000
52.22175317,6.89657282,101.30000305175781,3,null,210.3000030517578,1.5,1377336429000
52.22174992,6.896547,101,3,null,231.6999969482422,1.5,1377336430000
52.2217524,6.89651668,100.5999984741211,3,null,254.89999389648438,1.5,1377336431000
52.22175802,6.89648673,100.0999984741211,3,null,268.5,1.5,1377336432000
52.22176581,6.89645433,99.0999984741211,3,null,278.70001220703125,1.75,1377336433000
52.22177493,6.89641839,97.9000015258789,3,null,282.5,2,1377336434000
52.2217843,6.89638084,97.19999694824219,3,null,283.5,2.5,1377336435000
52.22179855,6.89634062,95.9000015258789,3,null,291.70001220703125,2.5,1377336436000
52.22181511,6.89630531,95.0999984741211,4,null,297.6000061035156,2.5,1377336437000
52.22182954,6.89626281,94.5999984741211,3,null,295.70001220703125,2.75,1377336438000
52.22184057,6.89621608,94.5999984741211,3,null,291.20001220703125,2.75,1377336439000
52.22185761,6.89603594,94.30000305175781,3,null,276.6000061035156,3.75,1377336442000
52.22186119,6.89597562,95.19999694824219,3,null,276.6000061035156,4,1377336443000
52.22186505,6.89590787,94.5,3,null,275.29998779296875,4,1377336444000
52.22186859,6.8958435,94.4000015258789,4,null,275.29998779296875,4,1377336445000
52.22187175,6.89578101,93.9000015258789,3,null,274.79998779296875,4,1377336446000
52.22187413,6.89572065,93.69999694824219,4,null,273.79998779296875,4,1377336447000
52.22187534,6.89566081,93.5999984741211,4,null,273.1000061035156,4,1377336448000
52.22187863,6.89560082,93.80000305175781,3,null,274.29998779296875,4,1377336449000
52.22188349,6.89553963,94,3,null,276.70001220703125,4,1377336450000
52.22188744,6.89548094,93.80000305175781,3,null,277.20001220703125,4.25,1377336451000
52.22189201,6.89541405,93.30000305175781,3,null,277.6000061035156,4.25,1377336452000
52.22189665,6.8952937,93.5999984741211,4,null,275.1000061035156,4,1377336454000
52.22189926,6.89523491,93.80000305175781,3,null,275.8999938964844,4,1377336455000
52.22190113,6.89517678,92.9000015258789,3,null,275.29998779296875,4,1377336456000
52.2219012,6.89511913,92.9000015258789,3,null,273.3999938964844,3.75,1377336457000
52.22189883,6.89506034,92.4000015258789,3,null,270.1000061035156,4,1377336458000
52.22189478,6.89500749,92.5,3,null,267,3.75,1377336459000
52.22188904,6.89495072,93.30000305175781,3,null,264.79998779296875,3.75,1377336460000
52.22188282,6.89489864,94.4000015258789,3,null,263,3.75,1377336461000
52.22187692,6.89484621,94.5999984741211,3,null,262.70001220703125,3.75,1377336462000
52.22186895,6.89479257,94.5999984741211,3,null,260.20001220703125,3.75,1377336463000
52.22186222,6.8947361,95.0999984741211,3,null,261.6000061035156,3.75,1377336464000
52.22185732,6.89467787,95.4000015258789,4,null,263.20001220703125,4,1377336465000
52.22185183,6.89461845,94,3,null,262.70001220703125,4,1377336466000
52.22184752,6.8945664,93.69999694824219,3,null,264.5,3.75,1377336467000
52.22184357,6.89450996,93.19999694824219,3,null,263.70001220703125,3.75,1377336468000
52.22184014,6.89445993,92.80000305175781,4,null,263.1000061035156,3.5,1377336469000
52.22183223,6.89441196,95.0999984741211,3,null,258.70001220703125,3.25,1377336470000
52.22176615,6.89418463,95.4000015258789,3,null,245,4.25,1377336474000
52.22174417,6.89412874,95.4000015258789,3,null,241,4.25,1377336475000
52.22171249,6.89407169,95.69999694824219,3,null,233.1999969482422,4.5,1377336476000
52.22167751,6.8940236,96.80000305175781,3,null,226.89999389648438,4.5,1377336477000
52.22163919,6.89398125,97.0999984741211,3,null,221.10000610351562,4.5,1377336478000
52.22160157,6.8939423,96.9000015258789,3,null,218.10000610351562,4.5,1377336479000
52.22156694,6.8939029,96.5,3,null,219.10000610351562,4.5,1377336480000
52.22153327,6.89386316,96.30000305175781,3,null,220,4.25,1377336481000
52.22150126,6.89382214,96,3,null,221.10000610351562,4.25,1377336482000
52.22147121,6.89378294,96,3,null,221.39999389648438,4.25,1377336483000
52.2214375,6.8937381,96,3,null,221.39999389648438,4.25,1377336484000
52.22129928,6.89358352,96.30000305175781,3,null,215.3000030517578,4.5,1377336488000
52.22126462,6.89354859,95.4000015258789,3,null,213.10000610351562,4.25,1377336489000
52.22123217,6.89351375,94.19999694824219,3,null,213.8000030517578,4.25,1377336490000
52.22120396,6.89348536,93.5,3,null,212.60000610351562,4,1377336491000
52.2211738,6.89345872,93.0999984741211,3,null,209.89999389648438,3.75,1377336492000
52.22114701,6.89343618,93.69999694824219,3,null,209.3000030517578,3.5,1377336493000
52.2211222,6.89341562,94.69999694824219,3,null,208.8000030517578,3.25,1377336494000
52.22109932,6.89339275,95.19999694824219,4,null,211.5,3,1377336495000
52.22108333,6.89336277,98.9000015258789,3,null,220.60000610351562,2.75,1377336496000
52.22107698,6.89332494,98.69999694824219,3,null,237.1999969482422,2.5,1377336497000
52.22107994,6.89327951,98.4000015258789,3,null,256.3999938964844,2.75,1377336498000
52.2210854,6.89322892,98.5999984741211,3,null,264.79998779296875,3,1377336499000
52.22107213,6.8930456,99.5999984741211,3,null,254.5,4,1377336502000
52.22105442,6.89291457,97.80000305175781,3,null,256.3999938964844,4.25,1377336504000
52.22104525,6.89284725,98.0999984741211,3,null,256.29998779296875,4.25,1377336505000
52.221036,6.89277935,98.0999984741211,3,null,257.1000061035156,4.25,1377336506000
52.22102655,6.89271415,97.9000015258789,3,null,256.70001220703125,4.5,1377336507000
52.22101564,6.89263853,97.9000015258789,3,null,256.3999938964844,4.75,1377336508000
52.22100683,6.89256618,97.5,3,null,257.79998779296875,4.75,1377336509000
52.22099919,6.89249301,97,3,null,258.3999938964844,4.75,1377336510000
52.22099218,6.89241933,96.9000015258789,3,null,259.3999938964844,4.75,1377336511000
52.22098414,6.89234583,96.9000015258789,3,null,259,4.75,1377336512000
52.22097521,6.89227281,96.4000015258789,3,null,258.20001220703125,4.75,1377336513000
52.22094103,6.89198866,95.80000305175781,3,null,257.8999938964844,4.75,1377336517000
52.22092307,6.89185597,96.9000015258789,3,null,257,4.5,1377336519000
52.22091391,6.8917949,96.80000305175781,4,null,257.1000061035156,4.25,1377336520000
52.22090271,6.89173646,94.9000015258789,3,null,255,4.25,1377336521000
52.2208901,6.89167933,94.19999694824219,4,null,253,4.25,1377336522000
52.2208786,6.89162012,95.4000015258789,3,null,253.5,4.25,1377336523000
52.22086634,6.8915497,95.19999694824219,3,null,253.89999389648438,4.5,1377336524000
52.22085764,6.89147994,94.5,3,null,256.3999938964844,4.75,1377336525000
52.22085273,6.89140879,93.0999984741211,4,null,259.20001220703125,4.75,1377336526000
52.22085206,6.89133954,92.19999694824219,4,null,262,4.5,1377336527000
52.22085368,6.89127714,92.0999984741211,3,null,264.3999938964844,4.25,1377336528000
52.22090209,6.89112187,90,3,null,297.1000061035156,1.75,1377336533000
52.22091625,6.89110692,89.80000305175781,4,null,302.29998779296875,1.5,1377336534000
52.22092933,6.8910855,89.5,3,null,299.29998779296875,1.75,1377336535000
52.22093881,6.89105525,89.4000015258789,3,null,289.1000061035156,2,1377336536000
52.22094383,6.89101833,89,4,null,279.79998779296875,2.25,1377336537000
52.22094444,6.89097111,88.9000015258789,3,null,271.29998779296875,2.75,1377336538000
52.2209396,6.89091887,88.9000015258789,3,null,263.20001220703125,3.25,1377336539000
52.2209304,6.89085511,89,3,null,259.70001220703125,3.75,1377336540000
52.22091803,6.8907906,88.9000015258789,3,null,256.3999938964844,4,1377336541000
52.2209033,6.89072454,88.9000015258789,3,null,253.60000610351562,4.25,1377336542000
52.2208896,6.89065428,88.30000305175781,3,null,254.6999969482422,4.5,1377336543000
52.22087701,6.89058208,88,4,null,255.6999969482422,4.5,1377336544000
52.22086597,6.89052529,87.0999984741211,3,null,255.10000610351562,4,1377336545000
52.2208173,6.89024865,79.5999984741211,4,null,254.10000610351562,4,1377336550000
52.22080565,6.89019147,79.19999694824219,4,null,253.3000030517578,4,1377336551000
52.22079626,6.89013128,79.30000305175781,4,null,252.89999389648438,3.75,1377336552000
52.22077704,6.89000056,79.4000015258789,4,null,247.89999389648438,5.25,1377336553000
52.22076903,6.88991577,78.5999984741211,3,null,256.8999938964844,5.25,1377336554000
52.22074768,6.8898466,79.19999694824219,4,null,252.3000030517578,4.5,1377336555000
52.22072462,6.88975487,79.9000015258789,4,null,250.1999969482422,5,1377336556000
52.2207012,6.889667,79.19999694824219,3,null,249.8000030517578,5.25,1377336557000
52.22068084,6.88958363,81.9000015258789,3,null,246.1999969482422,5.5,1377336558000
52.220662,6.88949686,82.80000305175781,4,null,248.8000030517578,5.75,1377336559000
52.22064563,6.88942269,82.9000015258789,4,null,249.3000030517578,5,1377336560000
52.2206249,6.88927475,84.0999984741211,3,null,256.1000061035156,5.25,1377336562000
52.22061404,6.88920943,84.9000015258789,3,null,253.39999389648438,5.25,1377336563000
52.22059622,6.88913776,85.4000015258789,3,null,250.8000030517578,5.25,1377336564000
52.22058107,6.88906463,85.5999984741211,3,null,249.60000610351562,5.25,1377336565000
52.22056362,6.88899722,85.19999694824219,3,null,247.10000610351562,5,1377336566000
52.22052999,6.8888604,85.4000015258789,3,null,250.5,5.25,1377336568000
52.22051458,6.88878492,85.30000305175781,3,null,252.1999969482422,5.25,1377336569000
52.22050219,6.88870606,85.5,4,null,252.60000610351562,5.25,1377336570000
52.22049266,6.88863314,85.5,4,null,255.39999389648438,5.25,1377336571000
52.2204765,6.8885521,85.5999984741211,4,null,253.8000030517578,5.5,1377336572000
52.22044852,6.88848591,85.9000015258789,3,null,249,5,1377336573000
52.22043575,6.88842118,86.0999984741211,4,null,249.10000610351562,4.75,1377336574000
52.22041954,6.8883675,86.19999694824219,3,null,247.3000030517578,4.5,1377336575000
52.22040231,6.88830287,85.80000305175781,4,null,246.39999389648438,4.75,1377336576000
52.22038065,6.88824661,81,3,null,236.39999389648438,3.75,1377336577000
52.22036675,6.88817551,81.19999694824219,3,null,245.6999969482422,4.75,1377336578000
52.22033094,6.88805385,81.5,3,null,248.1999969482422,4.25,1377336580000
52.22031693,6.88799433,80.69999694824219,3,null,247.1999969482422,4.25,1377336581000
52.22030621,6.88794035,81,3,null,247.1999969482422,4,1377336582000
52.22029439,6.8878894,80.5,3,null,248.1999969482422,3.75,1377336583000
52.22028439,6.88784122,80.5999984741211,3,null,250.89999389648438,3.25,1377336584000
52.22028032,6.88780298,81,3,null,254.6999969482422,3,1377336585000
52.22027852,6.88776577,81.30000305175781,3,null,259.79998779296875,2.5,1377336586000
52.22027863,6.88773465,81.5,3,null,262,2.25,1377336587000
52.22027909,6.88771076,82.19999694824219,3,null,260.3999938964844,1.75,1377336588000
52.22027627,6.88769319,82,3,null,251.60000610351562,1.5,1377336589000
52.22027159,6.88767949,82,3,null,240.3000030517578,1.5,1377336590000
52.22026364,6.88766464,82.69999694824219,3,null,230.89999389648438,1.5,1377336591000
52.22025323,6.88764831,82.69999694824219,3,null,227.89999389648438,1.75,1377336592000
52.22024504,6.88763196,82.0999984741211,3,null,232.3000030517578,1.75,1377336593000
52.22023832,6.88761227,81.5,3,null,240.6999969482422,1.75,1377336594000
52.22023412,6.88759356,82.19999694824219,3,null,245.8000030517578,1.5,1377336595000
52.2202331,6.88757643,83.69999694824219,3,null,258.3999938964844,1.5,1377336596000
52.22023514,6.88755673,84.0999984741211,3,null,269.8999938964844,1.5,1377336597000
52.22024094,6.88753967,83.80000305175781,3,null,285.5,1.25,1377336598000
52.22025108,6.88752165,83.80000305175781,3,null,297.70001220703125,1.5,1377336599000
52.22025764,6.88750128,83.69999694824219,4,null,297.70001220703125,1.5,1377336600000
52.22027932,6.88749289,84.19999694824219,3,null,325.29998779296875,1.75,1377336601000
52.22031647,6.88748142,84.5,3,null,343.20001220703125,2,1377336603000
52.22034029,6.88747125,84.9000015258789,3,null,341.6000061035156,2.25,1377336604000
52.22036355,6.88745606,85,3,null,334.8999938964844,2.5,1377336605000
52.22038257,6.88742974,84.69999694824219,3,null,320,2.75,1377336606000
52.22040122,6.88740429,84.30000305175781,4,null,320,2.75,1377336607000
52.22040028,6.88734715,85.80000305175781,3,null,282.29998779296875,2.75,1377336608000
52.22039519,6.88729874,85.9000015258789,3,null,266.79998779296875,2.75,1377336609000
52.22038616,6.88725185,85.5,3,null,258.20001220703125,3,1377336610000
52.2203764,6.88720936,85.0999984741211,3,null,255.39999389648438,3,1377336611000
52.22036745,6.88716503,84.80000305175781,3,null,257,2.75,1377336612000
52.22035856,6.88711975,85,3,null,260.3999938964844,3,1377336613000
52.22035161,6.88707165,84.9000015258789,3,null,260.6000061035156,3,1377336614000
52.22034632,6.88702092,84.4000015258789,3,null,261.3999938964844,3.25,1377336615000
52.22034159,6.88696678,84.4000015258789,3,null,262.6000061035156,3.25,1377336616000
52.22033338,6.88691997,84.5,3,null,256.5,3.25,1377336617000
52.22030571,6.88683306,83.80000305175781,3,null,246.6999969482422,3,1377336619000
52.22029316,6.88679815,84,3,null,242.89999389648438,2.5,1377336620000
52.22028117,6.88676851,83.5999984741211,3,null,242.39999389648438,2,1377336621000
52.22027212,6.88674854,83.80000305175781,3,null,242.1999969482422,1.75,1377336622000
52.22026346,6.88673324,83.9000015258789,3,null,233.60000610351562,1.5,1377336623000
52.22025119,6.8867201,84,3,null,220.89999389648438,1.25,1377336624000
52.2202382,6.88670922,83.69999694824219,3,null,212.8000030517578,1.25,1377336625000
52.22022423,6.88669923,83.5999984741211,3,null,207.10000610351562,1.25,1377336626000
52.22020873,6.88669194,83.4000015258789,3,null,199.3000030517578,1.5,1377336627000
52.22019442,6.88668877,83.4000015258789,3,null,193.5,1.25,1377336628000
52.22018213,6.88668735,83.0999984741211,3,null,189.39999389648438,1,1377336629000
52.22017396,6.88668745,83.19999694824219,3,null,182.89999389648438,0.75,1377336630000
52.22017252,6.88668626,83.80000305175781,3,null,null,0,1377336635000
52.22017356,6.88668621,83.80000305175781,3,null,null,0,1377336636000
52.22017314,6.88668531,83.80000305175781,3,null,null,0,1377336637000
52.22017142,6.88668412,84,3,null,null,0,1377336638000
52.22016996,6.88668268,84.0999984741211,3,null,null,0,1377336639000
52.22016799,6.88667763,83.9000015258789,3,null,182.89999389648438,0.75,1377336640000
52.22016528,6.88666929,83.4000015258789,4,null,182.89999389648438,0.75,1377336640999
52.22015432,6.8866854,86,3,null,142.10000610351562,0.5,1377336642000
52.22015041,6.88668444,86,4,null,142.10000610351562,0.5,1377336642999
52.22015127,6.88667569,86.5,3,null,null,0,1377336644000
52.22015374,6.8866737,86.5,3,null,142.10000610351562,0.5,1377336645000
52.22015716,6.88667316,86.5999984741211,4,null,142.10000610351562,0.5,1377336646000
52.22016402,6.88666512,87.0999984741211,3,null,142.10000610351562,0.25,1377336647000
52.22016581,6.88666054,87.4000015258789,3,null,null,0,1377336648000
52.22016505,6.88665816,87.30000305175781,3,null,null,0,1377336649000
52.22016489,6.88665595,87.19999694824219,3,null,null,0,1377336650000
52.22016489,6.88665595,87.19999694824219,4,null,null,0,1377336650999
52.22016492,6.886654,87.30000305175781,3,null,null,0,1377336652000
52.22016482,6.88665384,87.30000305175781,3,null,null,0,1377336653000
52.2201649,6.88665327,87.30000305175781,3,null,null,0,1377336654000
52.22016576,6.88665348,87.19999694824219,3,null,null,0,1377336655000
